100 0.000007
100 0.000006
100 0.000005
100 0.000005
100 0.000006
100 0.000007
100 0.000005
100 0.000006
100 0.000006
100 0.000006
100 0.000007
100 0.000006
100 0.000006
100 0.000007
100 0.000006
100 0.000006
100 0.000006
100 0.000006
100 0.000006
100 0.000006
200 0.000011
200 0.000008
200 0.000009
200 0.000010
200 0.000011
200 0.000011
200 0.000011
200 0.000011
200 0.000010
200 0.000011
200 0.000011
200 0.000008
200 0.000012
200 0.000010
200 0.000011
200 0.000011
200 0.000011
200 0.000011
200 0.000011
200 0.000011
400 0.000027
400 0.000024
400 0.000022
400 0.000020
400 0.000025
400 0.000021
400 0.000018
400 0.000019
400 0.000022
400 0.000024
400 0.000024
400 0.000025
400 0.000025
400 0.000027
400 0.000027
400 0.000021
400 0.000026
400 0.000019
400 0.000022
400 0.000019
800 0.000041
800 0.000040
800 0.000042
800 0.000056
800 0.000057
800 0.000056
800 0.000060
800 0.000058
800 0.000053
800 0.000054
800 0.000051
800 0.000051
800 0.000050
800 0.000052
800 0.000049
800 0.000051
800 0.000042
800 0.000041
800 0.000051
800 0.000053
1600 0.000083
1600 0.000089
1600 0.000084
1600 0.000078
1600 0.000089
1600 0.000103
1600 0.000109
1600 0.000082
1600 0.000080
1600 0.000087
1600 0.000081
1600 0.000076
1600 0.000086
1600 0.000092
1600 0.000101
1600 0.000081
1600 0.000081
1600 0.000104
1600 0.000103
1600 0.000105
3200 0.000226
3200 0.000195
3200 0.000201
3200 0.000204
3200 0.000168
3200 0.000166
3200 0.000161
3200 0.000184
3200 0.000173
3200 0.000164
3200 0.000167
3200 0.000184
3200 0.000170
3200 0.000155
3200 0.000160
3200 0.000180
3200 0.000175
3200 0.000156
3200 0.000161
3200 0.000169
6400 0.000323
6400 0.000319
6400 0.000332
6400 0.000312
6400 0.000337
6400 0.000311
6400 0.000345
6400 0.000317
6400 0.000331
6400 0.000313
6400 0.000345
6400 0.000322
6400 0.000326
6400 0.000328
6400 0.000327
6400 0.000339
6400 0.000325
6400 0.000340
6400 0.000312
6400 0.000353
12800 0.000675
12800 0.000684
12800 0.000867
12800 0.000836
12800 0.000791
12800 0.000664
12800 0.000648
12800 0.000628
12800 0.000630
12800 0.000619
12800 0.000636
12800 0.000622
12800 0.000621
12800 0.000625
12800 0.000623
12800 0.000641
12800 0.000644
12800 0.000629
12800 0.000638
12800 0.000647
25600 0.001214
25600 0.001236
25600 0.001353
25600 0.001285
25600 0.001270
25600 0.001223
25600 0.001256
25600 0.001289
25600 0.001214
25600 0.001210
25600 0.001253
25600 0.001313
25600 0.001424
25600 0.001308
25600 0.001270
25600 0.001259
25600 0.001315
25600 0.001288
25600 0.001247
25600 0.001263
