100
30 94
12 45
24 87
7 29
16 73
2 41
15 31
12 13
24 97
24 70
19 32
8 96
25 16
22 18
2 85
30 1
21 83
7 24
1 84
12 17
18 85
19 12
5 42
25 18
8 78
9 48
12 49
15 46
24 16
13 55
3 4
18 83
7 4
28 7
29 9
15 47
14 83
18 60
24 34
30 13
14 68
10 77
16 54
22 32
22 37
18 26
30 45
8 78
29 65
27 39
5 63
5 70
6 95
12 21
10 63
14 95
2 93
1 50
9 93
11 72
11 18
7 72
3 56
22 63
2 90
11 48
12 86
8 97
22 51
8 11
13 3
16 94
27 76
23 97
30 23
18 52
23 16
4 7
21 25
9 94
26 69
12 17
26 59
16 37
29 35
10 73
27 5
16 83
2 61
20 52
25 99
3 27
15 78
3 37
14 53
11 19
22 72
16 79
2 1
26 42
