100
12 93
4 54
16 2
14 31
20 51
5 86
18 77
25 92
15 16
6 49
8 21
13 91
27 10
12 95
5 68
2 88
3 38
23 28
19 87
18 50
19 74
7 6
22 21
29 76
19 24
6 88
5 18
18 43
7 51
29 73
19 52
2 83
19 5
30 79
23 19
28 31
14 14
8 46
27 37
3 27
2 49
16 8
18 95
12 97
15 90
11 15
2 33
7 82
7 58
3 31
28 40
1 72
26 48
9 44
6 93
12 48
11 87
5 11
13 9
7 77
18 27
22 91
21 40
15 99
10 37
9 77
8 89
10 33
9 20
8 24
13 49
13 5
7 30
5 19
18 21
16 87
20 39
8 10
10 2
29 79
30 89
26 17
8 7
2 18
7 29
21 91
20 64
25 16
13 10
15 82
2 82
18 33
20 45
15 1
8 55
10 39
3 87
6 72
23 57
9 71
7 30
1 66
25 56
22 89
17 68
20 50
19 37
15 68
24 29
20 83
3 99
22 25
25 29
29 30
17 37
22 73
6 65
11 62
2 24
20 88
21 19
19 91
8 23
30 93
1 29
15 85
18 48
22 64
16 10
5 12
26 97
17 64
3 27
15 84
12 27
13 92
27 11
2 4
4 91
26 36
19 23
21 98
30 34
2 46
23 58
17 40
16 93
3 18
21 80
21 72
6 23
25 2
4 96
28 19
18 53
16 9
25 78
18 45
1 71
2 5
9 98
25 34
13 47
4 13
28 4
5 83
19 99
27 64
17 94
12 36
16 39
16 73
17 54
19 27
14 10
2 4
29 28
30 1
14 93
6 4
26 2
6 26
22 22
19 50
17 22
26 13
11 33
27 29
6 5
27 62
26 90
25 24
7 54
27 43
18 42
16 46
25 83
11 46
15 60
16 71
13 33
25 93
5 23
3 3
19 80
14 44
19 80
30 86
16 48
8 83
11 25
8 35
27 99
20 63
10 75
4 42
29 20
7 24
25 59
6 73
8 41
19 59
10 88
14 57
27 23
20 27
27 19
11 5
7 92
18 78
19 53
22 77
24 58
20 18
28 25
1 58
27 59
16 37
28 11
23 84
25 84
22 83
23 22
27 71
15 54
29 83
18 20
20 82
9 59
29 96
26 89
3 52
9 20
20 48
30 33
13 14
8 44
6 70
27 35
21 82
30 89
6 98
30 75
29 88
4 77
13 21
18 88
12 68
17 12
16 89
6 50
24 15
16 2
5 14
16 25
7 75
5 63
2 24
7 50
3 22
19 97
22 96
14 66
23 43
19 30
1 76
12 84
20 77
15 74
30 72
10 37
7 66
19 18
1 35
30 3
19 98
10 50
15 35
5 7
7 95
29 59
30 20
23 60
6 79
5 37
21 35
3 97
12 23
26 93
30 37
7 18
4 98
27 78
23 34
17 61
8 77
20 98
8 14
19 43
2 93
1 94
29 56
2 83
8 60
15 87
6 73
16 82
21 75
11 55
28 47
25 87
25 34
26 22
9 44
6 91
29 47
16 19
2 78
21 31
29 27
30 84
10 25
27 70
19 28
4 58
26 90
5 1
4 32
22 22
6 90
14 16
26 52
14 89
1 35
11 69
1 92
24 12
17 21
23 67
28 8
27 73
8 73
5 73
14 99
6 79
8 62
6 75
3 80
5 45
16 85
23 78
9 68
10 45
28 74
13 87
12 39
10 31
1 84
13 15
24 100
25 21
21 91
25 25
12 61
9 87
28 33
4 26
1 5
22 40
29 84
7 12
5 38
12 37
21 44
3 7
3 48
7 56
20 74
30 63
14 1
11 83
15 16
8 37
11 29
27 51
25 3
2 39
10 3
25 12
28 30
28 92
17 97
7 18
12 79
12 55
21 32
20 15
27 97
12 67
26 28
29 42
2 82
10 21
4 6
24 33
15 54
7 63
10 23
12 71
3 63
7 83
6 66
20 93
15 1
1 92
30 80
13 61
21 64
3 97
9 68
1 56
1 57
30 22
12 2
22 36
26 21
29 62
8 20
26 52
10 16
15 99
17 27
1 60
10 43
8 11
20 88
18 83
7 87
14 80
20 48
15 8
18 85
1 57
14 26
1 23
21 55
23 40
12 83
29 23
17 58
15 39
5 2
11 93
11 76
12 80
13 39
29 42
23 59
9 27
24 11
21 77
15 26
6 98
20 66
1 89
23 57
27 19
1 99
22 51
14 35
2 97
13 21
10 48
29 88
4 63
18 26
21 15
21 6
12 63
13 84
1 45
11 29
15 51
17 78
13 100
23 34
18 37
14 38
24 33
7 57
27 27
5 37
11 37
4 4
19 16
10 1
12 32
29 26
22 55
24 86
7 68
9 6
4 25
5 88
19 72
16 55
20 82
23 42
29 88
5 69
25 84
20 18
25 50
23 48
25 98
3 63
7 4
30 21
18 15
30 88
8 7
4 87
11 36
18 59
5 24
9 29
28 100
26 74
30 40
14 6
10 6
30 6
11 39
18 40
3 89
17 90
16 20
28 88
7 55
26 81
29 76
1 38
16 6
1 77
28 84
22 87
22 1
22 54
11 22
14 44
10 72
15 57
12 13
4 98
19 41
21 97
17 91
26 44
9 49
30 46
24 53
12 25
25 75
1 95
26 76
10 58
27 75
14 38
29 58
18 57
8 70
26 66
20 91
1 8
1 80
25 75
4 36
1 40
23 81
25 58
6 76
15 3
12 29
2 40
8 31
19 87
2 54
23 12
26 13
11 39
15 76
13 80
3 63
30 25
6 54
5 51
11 49
5 83
9 49
2 18
1 22
15 83
25 9
16 23
13 16
1 17
23 25
29 6
17 68
20 82
13 64
25 53
5 41
15 45
19 9
13 20
20 19
14 57
17 99
19 99
16 91
18 9
7 16
4 53
5 95
7 7
1 23
9 27
13 94
23 52
2 85
13 83
15 76
19 33
16 69
14 91
1 51
9 77
8 64
30 52
11 68
28 73
20 68
29 52
13 21
25 14
18 77
19 64
24 87
17 29
6 80
10 66
22 18
13 99
14 24
2 44
23 11
18 32
18 66
5 91
28 90
6 47
28 4
1 22
1 7
30 98
16 21
3 67
11 57
27 24
2 70
9 74
10 86
27 57
3 92
19 40
23 55
29 50
18 49
3 100
7 25
7 92
25 12
20 87
30 78
12 52
27 80
17 26
7 34
24 19
7 33
1 61
29 1
10 96
19 33
18 55
29 96
8 53
17 59
12 79
18 53
2 34
13 58
11 1
23 96
12 19
30 34
19 18
24 41
14 82
25 13
28 33
8 37
7 67
15 28
25 34
3 26
29 65
13 29
17 78
26 88
18 56
1 79
23 54
11 38
27 95
20 26
19 10
12 67
6 8
27 20
11 79
17 59
5 31
9 11
18 15
11 8
22 71
26 94
27 56
4 15
2 85
1 80
4 2
28 21
30 44
22 50
22 88
19 68
21 47
9 30
23 81
27 34
21 22
20 79
19 15
24 30
29 34
9 45
27 59
17 48
22 9
28 76
8 58
23 18
26 73
28 21
3 84
24 56
8 85
16 86
19 79
16 50
24 76
26 51
14 62
8 88
20 47
3 70
26 57
17 12
2 86
2 86
30 37
3 79
22 79
24 72
19 31
3 73
9 18
25 92
2 24
11 53
13 45
2 78
22 9
21 35
24 24
2 15
1 65
13 34
23 9
7 51
29 30
15 97
29 1
21 30
25 71
13 47
6 4
6 69
24 17
25 10
10 26
24 52
30 69
7 84
27 94
17 15
15 61
24 73
2 4
5 38
6 37
16 93
22 11
21 8
9 15
17 71
3 92
12 82
30 59
8 88
2 4
5 78
16 18
20 29
3 4
26 98
2 1
11 36
24 3
23 42
30 11
12 62
2 86
25 14
4 12
11 47
17 7
26 83
4 25
11 48
1 77
6 24
9 88
9 92
30 53
26 59
23 49
22 17
14 67
2 29
10 34
27 97
11 2
29 16
29 41
4 59
29 9
22 98
8 93
1 37
7 78
28 12
17 71
8 60
27 61
1 19
4 67
25 34
11 45
12 99
15 65
29 54
15 42
13 72
4 95
20 83
23 59
24 99
20 73
30 18
23 50
6 26
19 2
2 89
6 65
29 83
19 47
18 53
8 42
16 74
26 87
6 8
6 49
18 27
13 68
16 5
9 84
22 89
5 45
9 83
19 67
7 37
3 4
1 53
7 68
6 32
5 81
12 52
1 49
18 53
8 25
17 89
8 90
27 45
15 6
7 43
4 95
2 37
28 24
9 94
2 66
27 46
16 68
29 78
29 26
20 88
2 38
6 10
27 53
14 13
30 32
28 33
16 39
1 75
22 61
30 5
6 96
20 23
26 50
20 36
17 81
13 29
28 99
28 97
13 43
11 12
14 68
6 51
28 17
25 72
7 44
26 3
11 78
17 58
17 77
13 54
7 68
22 27
28 19
5 20
13 35
13 86
15 30
16 12
16 12
23 75
25 59
19 97
26 5
17 62
3 51
15 90
8 48
28 35
16 42
6 30
8 40
15 34
20 2
18 67
23 80
3 19
20 21
28 77
18 74
11 10
4 57
21 42
15 18
8 22
11 86
12 91
7 18
24 98
10 21
15 84
13 9
3 94
22 70
1 59
13 13
28 18
19 19
11 73
28 39
17 51
16 98
11 52
7 16
10 86
7 66
10 41
24 24
4 7
25 56
15 87
28 85
6 37
15 67
11 42
27 7
12 32
16 84
3 75
10 84
30 88
11 81
18 75
4 13
11 100
9 98
18 36
22 94
14 88
10 85
9 16
13 73
9 51
18 33
5 7
7 36
26 17
19 73
13 24
18 76
4 6
25 61
23 58
14 17
5 65
23 25
12 47
9 30
17 57
23 73
23 31
1 61
29 29
23 94
2 22
19 75
27 45
18 72
12 41
18 46
16 92
20 37
28 19
9 87
17 81
11 41
13 71
11 61
29 86
14 3
27 74
19 86
28 16
27 71
7 44
16 14
15 38
2 72
18 20
10 34
2 21
4 14
1 75
17 42
10 80
14 66
16 24
21 75
30 7
6 48
22 61
3 88
10 14
2 57
14 21
22 37
1 16
21 84
2 77
15 1
28 20
8 65
5 21
10 34
29 85
23 81
27 45
10 99
29 31
25 44
22 97
10 44
4 30
29 5
28 55
7 18
16 74
22 21
4 21
24 73
15 87
15 54
11 24
2 41
5 58
4 58
26 64
23 69
5 32
3 55
26 29
12 12
15 53
2 48
4 37
12 30
25 28
5 58
12 86
28 58
16 34
17 1
29 19
10 45
22 94
19 88
5 22
21 29
25 34
28 100
22 52
21 49
19 16
6 82
23 55
29 48
18 5
11 88
16 70
3 77
15 83
16 41
5 18
29 79
3 49
10 25
12 10
3 82
17 30
14 82
24 54
9 24
11 81
11 86
22 95
24 17
18 82
17 82
29 78
12 2
18 93
18 29
12 50
20 31
19 25
22 14
29 92
7 89
3 100
26 74
14 91
22 23
12 99
6 23
8 19
4 5
21 53
15 13
2 46
15 32
21 6
15 1
27 34
11 21
23 66
15 78
8 36
13 80
6 8
22 65
27 77
21 37
29 57
11 82
23 95
3 25
22 9
15 1
22 17
1 26
14 15
26 41
13 8
2 40
25 25
15 93
1 25
30 81
2 82
4 36
19 78
12 80
7 88
20 80
4 1
18 37
27 13
29 21
20 1
11 86
15 17
19 78
13 60
28 26
11 72
21 69
29 24
9 87
11 80
9 14
10 76
22 99
30 31
29 59
21 31
16 7
17 74
4 40
5 94
27 26
17 30
6 65
3 46
4 64
26 22
27 57
7 31
25 36
1 74
16 43
24 93
9 3
19 85
24 3
28 10
30 94
29 26
20 92
11 65
7 48
26 35
25 34
5 59
21 25
4 18
9 40
21 20
14 29
14 87
23 33
26 63
16 87
28 87
10 10
12 36
28 89
10 62
23 35
2 95
11 56
3 82
17 75
21 40
15 4
6 37
28 73
29 13
9 38
1 88
18 54
25 5
3 97
6 17
3 37
13 93
4 75
16 90
21 26
19 55
1 6
12 68
9 42
2 89
20 35
19 27
28 3
21 82
9 48
8 81
16 61
16 80
27 51
1 88
29 50
14 9
27 37
19 85
11 12
6 10
6 54
28 34
28 70
25 7
27 65
9 52
7 16
23 63
9 4
12 47
5 48
27 11
4 35
28 14
19 25
5 44
18 62
27 85
3 44
13 99
8 34
3 84
29 37
8 67
2 52
5 96
29 72
29 34
8 58
30 56
12 26
20 59
28 28
5 22
21 90
13 30
23 75
25 23
23 15
12 55
6 6
30 16
17 60
11 87
7 52
12 98
28 93
8 17
23 55
8 43
14 10
25 18
26 41
10 99
5 81
5 72
7 6
19 15
16 40
1 82
23 95
2 20
19 39
6 11
13 26
16 88
25 82
15 23
12 97
1 77
7 77
10 15
22 39
12 47
20 34
21 72
8 12
24 19
30 31
21 95
26 86
22 43
7 39
25 89
15 37
27 11
13 68
18 94
26 59
11 87
2 73
19 72
14 54
12 85
24 22
9 40
8 13
2 26
21 98
16 85
4 82
17 46
10 24
11 7
24 83
4 78
5 4
11 38
17 42
23 92
23 53
21 22
15 64
28 15
23 13
1 46
17 98
3 48
13 34
6 7
18 51
16 23
14 36
2 62
17 86
16 91
9 36
23 55
12 12
12 64
16 72
22 22
29 4
11 94
29 79
2 9
9 87
1 35
12 94
28 50
2 53
20 70
11 4
16 92
15 97
17 91
1 68
24 41
24 37
24 64
5 85
22 43
11 54
19 44
8 77
3 79
21 85
10 21
18 27
14 55
14 23
25 96
30 60
26 65
6 70
21 62
14 52
7 77
26 85
30 5
3 65
25 94
9 86
24 88
12 78
12 87
30 38
22 41
30 18
28 45
29 38
29 44
21 15
12 46
29 92
2 12
28 36
17 8
21 70
15 85
9 89
11 50
16 5
13 75
4 52
12 64
19 30
27 29
14 79
17 94
12 28
27 29
6 13
6 88
23 82
4 33
30 95
15 96
1 77
22 76
28 45
19 68
4 45
16 69
15 74
13 96
4 19
26 69
14 11
18 18
5 32
20 14
28 84
11 80
22 35
15 39
19 93
26 53
17 54
23 64
19 35
19 32
6 87
22 41
29 60
8 93
23 59
7 72
23 67
1 54
3 5
25 32
17 2
6 85
7 8
10 86
25 59
17 52
27 21
2 45
2 49
28 74
27 96
27 1
4 47
17 67
3 3
28 99
14 33
5 63
22 35
8 86
5 16
7 41
16 80
25 19
8 74
24 87
9 40
29 83
16 45
19 40
9 46
20 3
10 25
27 21
1 64
17 7
19 95
19 67
7 35
27 6
19 81
2 29
10 83
1 58
29 11
27 78
26 39
22 37
3 48
28 25
21 16
13 41
12 81
19 88
27 96
24 27
28 37
26 99
9 66
8 98
7 57
15 84
5 58
21 9
15 30
15 67
7 67
19 58
19 70
28 65
7 91
22 44
29 99
24 98
26 2
7 44
28 73
18 52
10 100
22 86
1 96
4 77
2 62
16 12
13 83
26 99
25 19
14 4
17 88
23 33
1 99
6 98
11 55
21 100
6 64
27 86
9 40
4 72
21 52
13 36
16 58
14 11
9 80
26 45
27 18
29 59
8 57
8 38
11 60
29 69
23 25
14 81
16 20
2 68
21 34
23 8
13 37
8 71
26 35
8 34
4 48
24 71
24 51
20 67
20 100
5 32
26 40
4 91
11 15
9 81
10 61
29 42
29 58
5 16
15 84
21 100
1 44
13 87
14 34
13 3
4 39
6 9
18 49
2 41
13 10
21 14
2 61
28 71
1 72
16 67
5 87
16 37
20 40
13 76
14 27
20 7
25 16
7 95
4 18
25 79
9 7
14 1
10 51
3 42
12 8
30 28
16 25
27 28
27 39
23 90
18 32
18 82
29 14
8 15
24 14
3 62
23 36
4 92
27 36
25 60
16 44
30 93
30 56
20 36
26 74
5 15
8 24
17 56
8 76
30 21
10 14
24 14
2 100
17 40
25 41
19 82
4 90
25 55
27 94
13 95
10 67
19 77
1 57
14 80
13 6
22 74
29 37
7 20
26 43
19 23
25 10
14 70
1 78
14 48
14 66
12 95
5 50
1 27
27 54
18 91
19 9
14 30
15 2
1 33
26 60
15 30
11 58
1 71
28 74
30 63
2 11
17 76
3 79
24 19
22 11
21 43
11 76
4 67
29 24
19 24
15 53
5 55
23 55
28 2
10 47
14 71
8 72
8 22
30 3
22 33
3 52
15 35
7 50
22 55
14 100
20 8
5 86
15 19
20 92
30 19
8 35
2 47
26 39
8 55
2 59
7 6
10 14
23 88
23 94
4 36
15 75
26 1
30 10
29 99
21 90
10 90
24 11
27 29
11 56
13 94
25 70
22 76
25 44
26 97
27 9
15 33
14 80
14 43
11 4
24 93
24 63
12 17
5 70
28 77
26 80
11 92
21 22
7 35
15 82
24 53
23 68
5 78
9 70
2 39
6 65
11 19
19 64
7 55
14 84
22 59
6 2
12 16
25 68
3 39
12 86
11 96
3 27
23 3
9 96
21 74
11 23
12 91
6 30
6 19
14 77
19 29
20 30
6 4
10 98
14 3
3 36
30 87
14 22
21 62
29 81
5 29
3 78
22 89
18 17
19 21
15 40
11 26
21 96
1 70
16 74
4 80
29 73
29 22
16 59
26 15
30 70
15 94
30 66
24 7
24 45
9 78
4 31
25 4
26 35
16 23
8 49
13 68
14 21
2 19
29 77
5 70
18 80
14 49
17 49
25 31
3 85
10 76
27 15
22 45
29 57
17 9
17 69
26 30
9 69
21 20
7 85
19 95
6 4
25 13
23 50
25 45
6 54
23 53
8 4
17 17
20 15
27 68
24 52
28 24
3 98
23 69
4 84
25 2
27 10
16 91
1 60
28 96
13 60
30 33
25 48
11 26
3 77
3 98
20 90
11 52
9 16
1 25
21 35
6 37
14 91
20 54
30 67
12 14
6 53
16 92
11 46
27 15
24 9
22 54
21 84
5 89
19 25
3 49
30 90
18 55
12 17
19 33
23 62
7 60
24 44
3 14
2 19
30 15
27 91
8 77
15 25
8 25
9 82
26 60
2 63
5 3
11 75
16 65
28 34
6 1
27 78
17 70
6 46
15 22
7 4
11 63
10 20
7 29
11 12
10 72
6 6
17 56
12 14
10 19
7 95
30 75
22 38
15 19
23 81
13 19
26 43
3 16
2 20
16 62
3 35
16 9
23 64
16 24
17 36
5 23
2 66
17 6
3 93
4 85
13 16
16 61
8 88
6 71
19 71
5 94
7 22
14 1
5 69
17 61
24 71
5 38
16 83
3 90
6 66
4 100
22 81
10 91
21 87
22 31
19 98
14 18
29 77
8 3
26 94
15 1
6 49
28 3
23 80
22 58
28 18
30 79
28 21
9 70
8 82
11 68
9 76
5 49
13 55
23 50
20 17
10 68
17 40
30 100
21 62
29 68
1 70
28 80
21 67
30 50
20 2
7 31
17 54
11 29
30 34
20 11
2 32
28 71
21 48
12 41
11 30
21 43
22 58
22 42
16 71
1 76
22 59
18 49
24 88
29 75
1 11
26 75
2 63
5 12
12 66
24 74
17 64
16 98
24 90
11 49
20 33
6 84
2 33
4 7
21 64
2 93
4 19
7 15
11 11
18 95
18 82
28 27
17 36
4 70
5 67
11 36
9 46
11 42
9 6
19 51
30 82
3 95
30 10
30 32
12 39
16 100
12 46
18 69
11 53
30 57
19 60
14 18
18 15
29 36
30 59
8 41
20 80
16 39
19 97
21 13
15 48
14 7
3 41
17 25
13 68
11 12
10 77
21 37
11 39
14 62
28 61
23 37
30 90
28 81
6 98
3 72
15 56
30 90
16 56
14 40
24 47
13 3
3 83
21 65
22 14
6 71
16 80
19 65
19 86
17 54
25 89
6 32
26 55
11 43
13 86
23 38
24 85
22 6
8 82
22 41
7 48
23 72
17 21
28 96
27 85
21 41
25 78
14 21
15 44
23 47
2 97
24 65
4 27
13 53
18 44
23 54
1 55
7 70
17 64
7 33
10 17
26 25
7 49
17 31
25 11
17 26
8 12
12 93
8 64
5 97
28 89
2 50
25 78
29 21
3 87
24 45
16 31
1 2
11 17
12 75
17 60
22 86
21 46
18 60
19 22
28 16
10 9
28 4
28 36
7 82
15 30
26 30
2 46
21 42
12 62
9 41
21 20
28 43
25 56
14 26
29 61
21 91
9 10
26 58
6 22
19 72
1 65
11 62
2 31
6 76
24 24
26 64
13 93
8 60
30 11
27 29
1 29
29 91
19 64
28 84
26 86
27 88
22 7
12 64
29 57
29 32
30 6
27 74
30 4
25 50
16 21
20 36
30 100
16 88
3 25
3 100
20 29
30 64
27 41
27 75
19 17
16 28
24 4
13 23
7 38
14 72
20 5
29 59
4 36
28 19
10 20
18 69
20 9
2 86
11 10
10 49
28 17
8 51
20 81
6 78
20 1
1 79
6 59
20 9
4 87
7 53
17 97
4 58
25 57
14 6
17 55
26 44
24 34
27 43
16 72
23 35
12 73
13 77
14 2
18 29
11 16
14 99
2 7
16 69
13 99
16 81
6 31
27 29
14 23
3 29
24 47
25 17
10 80
14 55
23 83
23 73
8 68
21 10
14 27
20 89
27 55
1 82
15 97
22 1
19 85
11 64
3 96
1 2
5 26
18 59
28 43
22 5
30 2
6 36
10 95
24 57
21 44
30 38
21 52
10 11
8 70
5 70
17 55
14 43
10 83
2 39
25 33
3 87
26 61
22 66
17 45
4 8
30 63
27 32
16 86
13 5
17 69
17 24
5 2
16 6
14 19
4 61
23 86
17 89
28 68
16 5
14 79
14 3
13 60
17 59
15 81
5 51
29 41
26 75
12 44
30 26
12 23
18 65
30 84
15 58
11 10
12 66
18 77
20 32
26 6
20 32
18 57
24 38
7 60
2 91
23 91
28 16
3 5
30 73
18 84
22 90
13 95
5 32
11 74
14 6
22 5
7 69
11 22
17 58
11 18
28 35
19 67
21 73
1 30
7 58
26 78
7 10
22 53
22 94
26 57
29 9
21 87
18 74
19 84
3 41
13 82
16 13
8 26
28 18
17 34
17 24
24 73
4 87
17 27
1 54
13 31
13 95
18 40
18 78
25 2
18 27
3 45
22 30
22 29
9 29
22 25
12 77
9 85
14 25
23 96
29 45
26 41
30 43
2 59
2 58
21 42
16 95
6 27
17 8
25 75
28 69
12 39
7 100
16 60
7 38
25 55
5 81
7 26
25 30
26 99
17 96
30 22
23 25
9 19
24 55
25 71
25 96
22 72
26 89
13 72
28 90
28 12
12 76
19 48
17 25
16 43
22 85
4 14
12 64
14 45
21 29
26 97
14 29
8 71
7 3
24 94
12 23
28 13
30 46
12 6
30 58
18 42
12 64
27 55
9 91
20 1
19 67
28 94
15 17
25 11
9 10
16 62
23 13
26 82
21 38
8 32
5 87
25 88
30 32
15 81
2 94
21 92
10 30
27 6
7 53
28 17
23 23
19 47
18 56
20 98
13 67
19 39
6 54
9 7
27 73
27 58
18 20
1 29
19 37
4 95
10 1
2 4
13 42
30 62
9 29
29 42
8 40
22 53
23 62
9 29
14 98
8 3
7 90
11 17
18 64
12 19
6 75
12 91
8 23
2 16
22 11
29 51
2 93
3 46
4 13
4 40
22 63
2 30
24 73
7 81
18 58
30 4
14 21
4 3
6 97
28 47
27 79
17 60
1 51
5 76
5 30
5 77
2 9
16 47
11 4
28 20
1 79
13 96
21 68
18 46
5 68
22 23
26 40
13 68
2 87
13 57
9 10
25 12
8 42
19 50
16 86
29 58
26 44
14 66
11 3
12 27
30 55
30 67
17 84
4 88
12 77
16 90
26 32
22 55
4 60
4 71
17 72
18 12
5 33
19 78
16 40
14 57
17 53
24 93
8 9
12 10
5 28
9 22
21 100
8 36
9 31
26 55
13 86
28 69
28 47
16 5
8 2
4 84
26 89
18 94
7 60
23 82
19 1
25 49
1 83
25 11
5 42
26 67
17 35
18 97
1 85
11 71
16 66
24 92
24 82
15 51
3 87
4 31
29 90
21 39
14 15
30 89
27 67
27 35
23 94
11 86
1 84
16 16
19 9
19 3
12 95
5 34
23 40
26 72
19 47
12 53
1 11
21 69
19 47
24 82
23 86
27 23
9 74
30 18
12 49
2 76
13 28
29 76
27 25
19 95
11 60
9 83
3 39
14 51
8 59
24 30
24 2
14 13
15 93
22 9
1 5
4 36
12 44
3 98
18 61
14 90
20 43
15 42
13 28
5 70
18 80
11 81
2 6
13 8
29 26
26 91
10 99
18 61
23 40
20 62
10 54
14 72
18 28
5 32
17 9
4 44
29 4
6 22
30 21
29 60
6 45
2 76
15 80
28 89
9 50
23 71
5 6
24 2
25 58
13 43
29 86
6 59
22 13
10 3
13 8
24 79
24 15
26 51
14 45
29 65
24 93
25 48
18 28
11 34
7 34
6 55
1 13
23 64
6 44
18 58
24 31
28 7
6 93
9 39
8 48
3 83
20 89
21 90
28 31
25 57
16 51
1 39
25 76
14 40
9 72
10 74
12 37
11 99
22 41
28 71
18 92
13 80
3 83
21 52
26 95
18 81
7 71
11 12
26 25
1 16
26 52
20 49
9 22
8 70
2 85
12 2
18 44
3 12
19 53
4 44
29 71
16 96
23 47
29 38
13 61
6 18
23 47
6 1
30 13
22 33
9 13
4 29
18 18
30 86
12 55
11 21
8 57
8 70
15 26
10 77
26 17
4 98
23 11
10 82
6 23
14 24
17 100
24 95
7 96
2 39
10 13
21 79
1 78
1 75
25 60
11 40
16 96
30 90
28 91
13 33
24 88
17 100
19 12
14 56
17 26
6 57
20 8
27 10
7 87
4 91
6 86
12 73
3 71
4 90
4 36
3 27
4 31
6 14
4 72
1 1
19 66
9 38
15 95
19 61
2 34
13 79
19 85
12 3
27 65
12 20
23 66
26 28
8 24
1 42
27 62
24 95
29 2
14 4
6 34
26 77
7 19
6 85
3 59
29 61
15 30
13 79
8 78
16 47
23 47
10 99
10 33
25 38
4 80
13 82
23 9
8 79
9 65
15 33
5 53
23 2
15 25
10 34
5 86
20 59
4 20
8 43
24 54
12 90
24 77
21 98
17 28
7 15
25 91
27 71
26 91
2 30
8 52
23 22
7 94
22 72
25 41
6 69
15 49
8 80
25 28
7 61
17 5
27 3
18 73
24 43
26 45
22 83
6 86
6 84
9 87
27 44
18 72
14 74
11 73
23 97
10 81
8 58
26 36
21 33
11 86
17 76
30 98
30 78
5 65
1 65
23 68
8 82
21 23
25 11
25 59
20 46
30 69
6 77
14 68
21 64
23 87
29 82
6 48
11 70
24 72
14 67
1 94
18 33
18 55
6 63
13 55
30 4
13 15
12 26
22 92
20 34
8 80
28 65
30 78
14 43
11 20
1 43
3 9
16 32
23 71
24 27
15 6
23 47
20 14
14 54
28 13
9 87
5 58
2 24
6 85
26 88
26 27
11 20
7 6
2 1
8 45
9 52
2 61
10 74
27 73
17 36
18 17
12 82
15 73
25 10
20 70
27 65
8 79
27 34
16 88
26 63
14 65
14 86
27 15
29 3
8 85
8 25
1 60
16 75
24 10
26 45
21 85
12 31
13 98
26 99
5 2
13 68
18 27
3 94
11 63
7 80
7 86
4 100
17 61
6 33
12 14
7 5
30 38
15 12
25 50
2 71
23 75
9 20
3 43
24 45
26 62
15 4
27 80
15 96
13 33
8 14
6 4
18 95
24 52
8 80
4 72
1 8
8 41
28 2
25 93
6 92
26 22
6 52
14 50
19 46
2 26
11 79
2 29
25 27
22 83
26 37
26 8
5 3
10 24
4 35
6 1
16 21
5 73
14 28
25 75
5 8
20 35
17 33
5 11
29 47
5 65
5 50
4 79
2 24
2 7
10 69
20 87
21 34
30 17
3 34
21 89
11 90
