100
12 93
4 54
16 2
14 31
20 51
5 86
18 77
25 92
15 16
6 49
8 21
13 91
27 10
12 95
5 68
2 88
3 38
23 28
19 87
18 50
19 74
7 6
22 21
29 76
19 24
6 88
5 18
18 43
7 51
29 73
19 52
2 83
19 5
30 79
23 19
28 31
14 14
8 46
27 37
3 27
2 49
16 8
18 95
12 97
15 90
11 15
2 33
7 82
7 58
3 31
28 40
1 72
26 48
9 44
6 93
12 48
11 87
5 11
13 9
7 77
18 27
22 91
21 40
15 99
10 37
9 77
8 89
10 33
9 20
8 24
13 49
13 5
7 30
5 19
18 21
16 87
20 39
8 10
10 2
29 79
30 89
26 17
8 7
2 18
7 29
21 91
20 64
25 16
13 10
15 82
2 82
18 33
20 45
15 1
8 55
10 39
3 87
6 72
23 57
9 71
7 30
1 66
25 56
22 89
17 68
20 50
19 37
15 68
24 29
20 83
3 99
22 25
25 29
29 30
17 37
22 73
6 65
11 62
2 24
20 88
21 19
19 91
8 23
30 93
1 29
15 85
18 48
22 64
16 10
5 12
26 97
17 64
3 27
15 84
12 27
13 92
27 11
2 4
4 91
26 36
19 23
21 98
30 34
2 46
23 58
17 40
16 93
3 18
21 80
21 72
6 23
25 2
4 96
28 19
18 53
16 9
25 78
18 45
1 71
2 5
9 98
25 34
13 47
4 13
28 4
5 83
19 99
27 64
17 94
12 36
16 39
16 73
17 54
19 27
14 10
2 4
29 28
30 1
14 93
6 4
26 2
6 26
22 22
19 50
17 22
26 13
11 33
27 29
6 5
27 62
26 90
25 24
7 54
27 43
18 42
16 46
25 83
11 46
15 60
16 71
