100
12 93
4 54
16 2
14 31
20 51
5 86
18 77
25 92
15 16
6 49
8 21
13 91
27 10
12 95
5 68
2 88
3 38
23 28
19 87
18 50
19 74
7 6
22 21
29 76
19 24
6 88
5 18
18 43
7 51
29 73
19 52
2 83
19 5
30 79
23 19
28 31
14 14
8 46
27 37
3 27
2 49
16 8
18 95
12 97
15 90
11 15
2 33
7 82
7 58
3 31
28 40
1 72
26 48
9 44
6 93
12 48
11 87
5 11
13 9
7 77
18 27
22 91
21 40
15 99
10 37
9 77
8 89
10 33
9 20
8 24
13 49
13 5
7 30
5 19
18 21
16 87
20 39
8 10
10 2
29 79
30 89
26 17
8 7
2 18
7 29
21 91
20 64
25 16
13 10
15 82
2 82
18 33
20 45
15 1
8 55
10 39
3 87
6 72
23 57
9 71
7 30
1 66
25 56
22 89
17 68
20 50
19 37
15 68
24 29
20 83
3 99
22 25
25 29
29 30
17 37
22 73
6 65
11 62
2 24
20 88
21 19
19 91
8 23
30 93
1 29
15 85
18 48
22 64
16 10
5 12
26 97
17 64
3 27
15 84
12 27
13 92
27 11
2 4
4 91
26 36
19 23
21 98
30 34
2 46
23 58
17 40
16 93
3 18
21 80
21 72
6 23
25 2
4 96
28 19
18 53
16 9
25 78
18 45
1 71
2 5
9 98
25 34
13 47
4 13
28 4
5 83
19 99
27 64
17 94
12 36
16 39
16 73
17 54
19 27
14 10
2 4
29 28
30 1
14 93
6 4
26 2
6 26
22 22
19 50
17 22
26 13
11 33
27 29
6 5
27 62
26 90
25 24
7 54
27 43
18 42
16 46
25 83
11 46
15 60
16 71
13 33
25 93
5 23
3 3
19 80
14 44
19 80
30 86
16 48
8 83
11 25
8 35
27 99
20 63
10 75
4 42
29 20
7 24
25 59
6 73
8 41
19 59
10 88
14 57
27 23
20 27
27 19
11 5
7 92
18 78
19 53
22 77
24 58
20 18
28 25
1 58
27 59
16 37
28 11
23 84
25 84
22 83
23 22
27 71
15 54
29 83
18 20
20 82
9 59
29 96
26 89
3 52
9 20
20 48
30 33
13 14
8 44
6 70
27 35
21 82
30 89
6 98
30 75
29 88
4 77
13 21
18 88
12 68
17 12
16 89
6 50
24 15
16 2
5 14
16 25
7 75
5 63
2 24
7 50
3 22
19 97
22 96
14 66
23 43
19 30
1 76
12 84
20 77
15 74
30 72
10 37
7 66
19 18
1 35
30 3
19 98
10 50
15 35
5 7
7 95
29 59
30 20
23 60
6 79
5 37
21 35
3 97
12 23
26 93
30 37
7 18
4 98
27 78
23 34
17 61
8 77
20 98
8 14
19 43
2 93
1 94
29 56
2 83
8 60
15 87
6 73
16 82
21 75
11 55
28 47
25 87
25 34
26 22
9 44
6 91
29 47
16 19
2 78
21 31
29 27
30 84
10 25
27 70
19 28
4 58
26 90
5 1
4 32
22 22
6 90
14 16
26 52
14 89
1 35
11 69
1 92
24 12
17 21
23 67
28 8
27 73
8 73
5 73
14 99
6 79
8 62
6 75
3 80
5 45
16 85
23 78
9 68
10 45
28 74
13 87
12 39
10 31
1 84
13 15
24 100
25 21
21 91
25 25
12 61
9 87
28 33
4 26
1 5
22 40
29 84
7 12
5 38
12 37
21 44
3 7
3 48
7 56
20 74
30 63
14 1
11 83
15 16
8 37
11 29
27 51
25 3
2 39
10 3
25 12
28 30
28 92
17 97
7 18
12 79
12 55
21 32
20 15
27 97
12 67
26 28
29 42
2 82
10 21
4 6
24 33
15 54
7 63
10 23
12 71
3 63
7 83
6 66
20 93
15 1
1 92
30 80
13 61
21 64
3 97
9 68
1 56
1 57
30 22
12 2
22 36
26 21
29 62
8 20
26 52
10 16
15 99
17 27
1 60
10 43
8 11
20 88
18 83
7 87
14 80
20 48
15 8
18 85
1 57
14 26
1 23
21 55
23 40
12 83
29 23
17 58
15 39
5 2
11 93
11 76
12 80
13 39
29 42
23 59
9 27
24 11
21 77
15 26
6 98
20 66
1 89
23 57
27 19
1 99
22 51
14 35
2 97
13 21
10 48
29 88
4 63
18 26
21 15
21 6
12 63
13 84
1 45
11 29
15 51
17 78
13 100
23 34
18 37
14 38
24 33
7 57
27 27
5 37
11 37
4 4
19 16
10 1
12 32
29 26
22 55
24 86
7 68
9 6
4 25
5 88
19 72
16 55
20 82
23 42
29 88
5 69
25 84
20 18
25 50
23 48
25 98
3 63
7 4
30 21
18 15
30 88
8 7
4 87
11 36
18 59
5 24
9 29
28 100
26 74
30 40
14 6
10 6
30 6
11 39
18 40
3 89
17 90
16 20
28 88
7 55
26 81
29 76
1 38
16 6
1 77
28 84
22 87
22 1
22 54
11 22
14 44
10 72
15 57
12 13
4 98
19 41
21 97
17 91
26 44
9 49
30 46
24 53
12 25
25 75
1 95
26 76
10 58
27 75
14 38
29 58
18 57
8 70
26 66
20 91
1 8
1 80
25 75
4 36
1 40
23 81
25 58
6 76
15 3
12 29
2 40
8 31
19 87
2 54
23 12
26 13
11 39
15 76
13 80
3 63
30 25
6 54
5 51
11 49
5 83
9 49
2 18
1 22
15 83
25 9
16 23
13 16
1 17
23 25
29 6
17 68
20 82
13 64
25 53
5 41
15 45
19 9
13 20
20 19
14 57
17 99
19 99
16 91
18 9
7 16
4 53
5 95
7 7
1 23
9 27
13 94
23 52
2 85
13 83
15 76
19 33
16 69
14 91
1 51
9 77
8 64
30 52
11 68
28 73
20 68
29 52
13 21
25 14
18 77
19 64
24 87
17 29
6 80
10 66
22 18
13 99
14 24
2 44
23 11
18 32
18 66
5 91
28 90
6 47
28 4
1 22
1 7
30 98
16 21
3 67
11 57
27 24
2 70
9 74
10 86
27 57
3 92
19 40
23 55
29 50
18 49
3 100
7 25
7 92
25 12
20 87
30 78
12 52
27 80
17 26
7 34
24 19
7 33
1 61
29 1
10 96
19 33
18 55
29 96
8 53
17 59
12 79
18 53
2 34
13 58
11 1
23 96
12 19
30 34
19 18
24 41
14 82
25 13
28 33
8 37
7 67
15 28
25 34
3 26
29 65
13 29
17 78
26 88
18 56
1 79
23 54
11 38
27 95
20 26
19 10
12 67
6 8
27 20
11 79
17 59
5 31
9 11
18 15
11 8
22 71
26 94
27 56
4 15
2 85
1 80
4 2
28 21
30 44
22 50
22 88
19 68
21 47
9 30
23 81
27 34
21 22
20 79
19 15
24 30
29 34
9 45
27 59
17 48
22 9
28 76
8 58
23 18
26 73
28 21
3 84
24 56
8 85
16 86
19 79
16 50
24 76
26 51
14 62
8 88
20 47
3 70
26 57
