100
2 59
9 56
27 8
19 88
8 75
15 73
1 1
17 3
27 54
2 9
11 98
28 76
20 7
4 78
8 29
9 79
19 28
26 15
15 74
4 74
10 100
8 70
22 76
22 91
29 25
1 90
3 39
15 32
27 1
21 14
1 49
12 19
16 29
26 62
4 91
27 54
23 84
23 94
19 47
24 88
13 35
19 45
23 45
28 69
5 88
23 25
9 26
16 64
17 33
8 12
23 64
25 17
30 40
21 10
8 94
27 60
30 77
5 4
2 84
3 18
12 7
25 60
4 90
5 90
4 4
2 96
30 18
3 19
19 75
8 46
20 77
8 100
25 14
25 78
27 27
16 20
5 90
11 69
11 6
20 4
11 63
1 80
23 15
8 41
1 78
29 61
4 96
2 58
9 66
16 5
15 83
5 29
24 55
19 6
22 59
9 73
13 11
12 5
18 2
16 18
19 36
8 84
11 41
3 39
27 80
15 51
2 71
21 85
18 32
20 89
10 50
3 14
13 17
19 90
18 16
17 48
1 37
3 33
9 75
21 87
15 17
7 16
8 20
3 65
21 94
25 92
26 70
5 8
26 75
7 55
10 55
24 92
23 36
4 24
30 46
20 64
13 99
22 2
8 36
28 20
29 74
11 76
3 67
23 28
14 31
24 83
28 87
17 32
12 2
5 32
28 65
17 62
13 30
5 32
15 32
1 46
15 13
21 100
1 56
29 24
18 13
29 75
9 85
27 73
18 13
16 85
9 2
8 43
24 12
24 48
5 76
5 52
10 18
21 23
23 29
16 10
3 56
17 44
12 95
16 30
27 71
14 88
24 64
10 7
25 4
17 22
11 3
3 23
30 75
15 44
3 90
16 48
6 94
1 37
28 6
16 46
8 32
13 3
5 63
10 21
18 68
12 100
30 66
2 42
20 66
5 43
16 42
20 53
5 32
21 22
19 7
10 16
20 52
18 36
6 79
6 35
6 50
5 68
15 56
19 55
22 45
19 29
27 90
3 73
11 73
25 9
21 66
16 20
17 93
25 35
14 63
29 21
2 3
8 78
1 96
12 84
3 32
12 79
21 96
21 93
28 97
21 99
24 28
20 31
23 77
17 96
21 85
16 2
10 4
21 50
11 63
15 43
24 96
3 67
1 76
29 10
14 12
30 38
9 30
10 11
18 36
28 48
2 74
21 63
29 31
12 31
5 48
6 91
5 50
27 85
15 67
17 1
28 6
28 69
27 9
29 44
24 89
13 67
24 95
20 94
6 93
14 22
11 1
22 35
11 68
12 27
27 18
7 64
5 16
22 62
24 63
7 19
1 52
26 16
6 67
29 23
29 84
5 99
15 56
16 87
6 57
25 62
16 44
17 100
19 61
13 35
13 22
5 25
23 42
20 18
28 100
1 67
13 85
27 19
22 2
5 67
8 70
20 35
15 57
5 23
7 47
29 91
28 66
15 92
17 6
2 15
5 2
3 39
28 49
28 81
3 14
8 12
15 27
17 99
25 81
24 51
29 82
11 99
17 7
30 6
4 51
2 20
24 4
9 93
24 16
24 58
21 73
20 16
11 16
4 86
18 87
28 78
11 81
26 19
17 18
14 51
10 95
20 76
18 80
8 54
17 93
21 28
7 32
13 20
29 56
15 46
5 44
16 15
4 3
3 63
20 57
25 92
23 34
17 53
26 34
6 12
9 68
19 95
20 81
24 98
9 70
26 35
26 71
19 89
13 33
3 45
21 67
16 44
3 2
16 18
17 53
9 65
22 68
2 71
20 77
29 40
17 16
24 64
26 74
24 10
17 7
16 47
23 93
20 25
24 37
22 33
1 71
19 13
20 60
3 41
7 3
13 35
8 58
18 55
2 1
17 38
29 74
16 32
17 78
16 12
16 50
4 7
22 93
9 13
4 53
3 92
18 37
16 77
5 75
4 26
28 52
15 86
5 50
17 91
19 25
23 45
16 98
21 97
10 21
9 46
15 13
7 32
10 63
11 96
9 44
3 16
25 87
24 19
8 22
12 67
26 16
1 23
13 13
9 55
3 79
20 57
12 36
11 93
18 53
18 39
26 12
16 42
28 59
2 37
11 73
23 78
8 65
1 1
27 71
5 9
10 6
8 41
11 10
25 91
22 24
9 9
15 34
20 84
25 13
30 25
18 75
24 25
29 6
7 16
17 83
16 26
18 45
8 81
16 54
11 67
27 99
7 11
4 28
14 28
1 65
24 78
19 10
4 78
25 31
5 43
5 72
20 5
19 37
5 74
12 55
11 18
25 67
18 40
5 73
10 87
28 23
14 76
4 17
25 51
19 1
23 16
3 13
30 41
1 56
24 43
10 6
12 66
5 92
7 71
14 76
19 53
11 72
11 34
10 37
4 91
18 29
6 62
23 25
2 93
30 67
27 41
5 99
18 1
30 14
1 5
10 31
30 40
12 90
25 93
6 61
3 15
9 88
26 81
4 29
15 95
6 64
25 72
4 44
2 55
28 94
21 99
4 20
10 77
21 14
19 87
16 52
3 14
21 29
16 55
17 23
19 4
18 36
15 51
1 46
7 88
1 67
18 14
17 27
2 99
23 11
25 18
4 90
24 4
18 81
10 74
23 11
10 92
18 4
22 28
2 50
8 92
17 5
28 55
14 99
23 76
11 90
5 74
29 80
30 48
21 39
3 15
21 2
7 98
6 100
26 59
10 93
22 18
19 59
4 32
10 76
29 22
27 56
18 47
15 77
24 47
17 67
2 68
8 20
15 25
19 42
3 20
26 37
7 35
5 60
16 56
28 77
10 56
2 77
3 18
5 48
5 23
14 26
20 34
5 7
10 15
20 45
5 86
21 23
30 27
5 37
23 22
13 64
9 96
20 31
14 44
29 78
28 44
15 8
17 51
6 39
25 65
23 51
2 63
16 21
29 12
30 71
5 74
14 13
10 25
24 35
10 74
2 38
17 18
17 46
18 14
14 84
8 66
17 32
18 64
24 16
5 13
29 59
27 24
21 8
21 14
12 20
19 5
7 56
12 5
23 41
28 88
16 48
3 62
29 32
25 82
27 51
15 37
29 33
21 80
30 61
25 33
2 84
7 41
11 10
15 95
22 63
22 77
10 34
1 40
27 67
21 15
8 67
2 26
21 64
17 90
16 2
14 7
17 62
17 79
13 44
13 24
28 54
3 67
19 95
28 55
3 30
29 30
7 72
8 47
5 64
9 62
27 62
29 5
26 67
23 98
22 55
4 19
30 26
17 50
22 94
16 84
24 77
26 20
28 73
18 35
18 58
6 57
2 16
11 47
25 44
4 96
30 17
5 10
4 51
1 17
27 67
11 20
15 18
11 94
22 60
28 29
8 76
15 89
13 46
27 77
21 30
15 90
29 39
11 44
1 14
3 89
12 65
8 26
2 98
29 23
30 99
1 27
6 88
7 68
25 53
25 77
24 69
26 32
19 69
8 51
2 40
30 13
14 99
30 85
9 8
7 58
8 9
14 83
28 2
1 84
14 47
20 87
17 26
21 77
6 98
7 79
29 18
11 92
19 32
18 17
29 86
4 49
6 9
11 94
20 33
17 63
19 89
1 45
6 71
1 11
10 100
9 8
19 31
11 37
12 78
3 52
5 78
30 61
6 83
6 47
5 34
11 94
12 62
20 87
2 11
19 4
12 37
11 30
29 62
29 32
11 23
4 6
21 35
26 38
27 71
5 32
6 45
25 78
26 66
4 90
26 65
15 89
3 55
21 72
8 89
3 59
11 38
26 63
23 81
11 89
13 37
12 10
21 48
27 39
4 3
20 89
7 24
20 19
20 100
2 98
20 97
8 2
24 23
15 6
15 17
27 9
23 18
28 85
6 57
5 79
9 6
29 77
19 48
15 11
19 89
28 38
5 67
30 18
21 56
6 95
22 22
15 76
9 24
2 56
20 87
14 38
22 5
4 73
22 61
3 51
19 42
10 85
10 79
4 100
6 29
26 57
10 100
24 41
13 96
16 3
24 82
22 77
26 6
9 37
28 83
19 18
16 31
14 87
21 7
16 47
26 31
15 37
12 39
7 57
4 25
11 19
6 2
25 91
19 44
9 28
28 70
15 6
10 98
22 60
15 78
26 92
10 61
28 94
19 57
30 84
11 60
2 38
3 48
8 72
13 6
29 21
5 96
16 26
3 69
6 49
6 43
2 58
3 72
21 53
18 52
18 60
13 41
27 75
29 24
28 31
11 97
13 8
2 80
13 36
19 70
27 46
3 28
15 67
19 57
2 78
8 11
17 70
22 85
27 92
8 94
14 41
12 77
18 85
8 32
1 56
2 9
4 66
8 8
22 39
15 3
16 24
4 5
4 17
21 42
20 1
15 33
1 77
21 40
1 69
1 33
16 24
3 81
19 81
29 73
21 5
17 38
18 92
22 73
20 83
4 19
25 49
4 75
7 64
26 37
14 36
22 12
12 14
2 52
26 32
24 16
18 3
14 16
14 47
18 54
1 2
4 15
2 27
19 78
23 6
6 78
2 39
19 5
13 33
26 98
26 32
16 4
14 19
19 79
25 58
14 46
11 8
12 12
16 53
11 28
28 59
28 51
27 46
25 49
20 63
9 98
24 64
21 79
14 71
9 50
28 93
17 91
2 59
12 89
21 95
17 68
23 74
9 49
21 25
20 53
7 100
10 32
5 2
20 48
22 19
17 51
13 44
11 14
24 95
22 64
29 70
23 41
5 1
1 18
18 90
20 64
9 71
16 3
12 57
22 43
25 99
5 89
4 86
12 47
30 56
2 20
17 44
10 72
17 100
1 74
22 62
19 30
2 84
5 3
23 86
7 67
26 41
16 81
18 9
17 9
6 40
28 93
4 87
6 80
9 56
15 80
17 93
21 48
7 45
22 69
13 98
7 70
30 94
21 68
25 29
18 70
9 56
14 52
14 29
23 84
24 87
13 52
9 76
11 7
12 52
27 54
21 14
24 91
9 26
30 65
4 37
25 22
2 48
15 38
19 7
21 12
5 84
6 24
21 66
20 82
18 57
18 18
12 63
20 32
8 21
7 93
28 83
15 1
22 91
28 10
20 11
14 94
6 89
7 56
4 99
27 23
27 76
13 80
8 4
11 77
5 59
10 34
1 36
6 75
6 76
24 75
6 9
11 31
17 37
6 3
5 74
17 93
30 21
22 39
15 35
6 1
3 37
4 86
22 19
10 49
4 95
6 31
24 96
11 52
24 46
6 71
2 83
13 21
13 35
21 27
21 78
29 13
24 12
10 37
3 61
26 28
28 13
29 11
30 19
14 43
17 20
13 88
12 76
10 56
22 22
5 82
10 13
26 13
5 48
10 59
30 87
18 67
19 48
9 58
17 43
2 35
12 65
4 63
2 85
30 5
26 4
18 5
7 35
30 93
2 19
1 94
27 40
20 7
18 89
24 6
13 15
20 44
1 65
8 22
19 27
8 54
11 15
11 47
30 80
19 83
10 41
16 58
20 88
4 19
26 27
24 58
13 15
23 76
19 10
29 27
28 27
13 70
1 95
16 90
16 6
15 27
28 100
14 30
27 47
8 14
5 72
13 69
28 75
14 17
26 93
15 76
11 79
15 11
3 13
3 50
18 77
26 16
8 11
17 15
17 44
10 33
17 3
22 5
19 97
23 17
1 67
22 11
26 36
22 70
28 26
30 18
2 47
15 81
18 81
5 66
16 27
9 43
29 52
9 9
10 71
15 41
7 16
13 34
4 76
6 3
11 27
30 54
13 56
5 82
6 81
18 12
7 98
16 87
1 4
6 100
16 20
12 14
18 95
8 43
20 3
5 23
1 17
26 53
2 62
5 60
15 34
13 1
23 28
10 83
13 35
2 8
26 26
11 45
30 20
9 41
14 84
25 54
2 91
27 75
4 93
24 98
28 56
1 60
3 90
4 17
16 75
4 33
2 97
30 23
16 68
4 42
13 78
5 54
10 53
9 76
15 62
23 74
30 23
15 4
24 78
1 91
15 96
4 56
2 53
9 60
10 94
1 75
1 47
28 43
20 8
8 96
22 42
30 91
15 54
14 80
2 14
1 36
2 94
23 53
28 21
4 69
4 16
13 37
23 23
29 62
30 48
29 51
19 30
11 5
4 87
25 67
30 7
4 61
12 96
26 49
19 81
29 34
17 12
10 11
6 100
4 67
27 32
18 88
22 10
2 97
6 28
5 48
4 20
20 85
17 77
23 35
20 54
19 58
17 90
28 2
20 43
18 88
16 37
15 39
9 67
15 94
4 1
3 80
10 5
14 87
13 49
23 42
12 41
29 18
1 66
11 72
10 38
19 86
17 34
24 25
12 11
30 97
11 63
6 83
9 92
9 51
10 41
23 41
4 91
10 16
9 80
7 68
9 97
13 95
12 77
19 33
29 89
22 49
13 9
21 21
30 51
3 39
14 15
21 77
8 40
4 18
11 30
17 40
26 90
14 8
28 5
22 56
13 25
26 95
24 39
7 33
29 89
2 84
26 2
12 13
14 55
2 64
16 18
13 62
9 89
11 28
13 64
15 37
29 91
3 22
11 49
14 69
9 77
5 44
21 16
28 24
23 89
27 58
9 42
11 17
12 91
15 74
7 79
10 95
1 92
26 1
12 21
12 80
30 26
16 80
23 83
15 15
4 93
23 82
4 43
28 15
16 42
30 92
3 1
26 93
4 53
6 35
5 67
27 74
2 42
23 36
24 59
1 47
2 23
8 85
17 78
12 2
1 91
23 43
12 30
28 35
22 33
22 59
11 88
22 94
29 37
19 4
5 79
3 46
3 82
3 70
29 34
13 82
16 16
16 19
7 63
4 79
7 27
17 49
4 20
12 94
28 71
29 3
11 51
30 54
3 82
25 43
7 97
14 95
4 100
3 61
4 18
1 13
14 79
11 9
8 55
24 6
15 3
30 25
23 59
30 37
23 4
2 11
23 55
5 16
6 18
6 72
27 18
26 83
6 48
11 46
12 45
3 78
27 62
5 51
22 84
20 64
20 71
27 92
27 31
29 35
30 87
18 87
24 93
29 52
2 11
27 94
27 99
23 5
22 77
26 83
1 47
19 52
27 25
23 45
15 53
9 7
9 88
3 95
22 13
16 24
15 94
29 82
2 91
26 3
18 93
27 80
19 35
21 7
29 25
22 14
17 82
20 68
10 64
12 53
28 59
16 2
22 44
23 43
5 21
7 54
23 33
23 52
18 63
10 26
17 61
21 15
15 62
12 16
7 43
8 4
11 96
8 52
29 92
16 25
2 94
8 25
17 62
28 46
4 37
3 62
30 14
7 44
17 10
21 4
3 78
27 5
5 16
29 64
18 6
20 19
20 70
5 78
11 22
15 7
1 97
18 60
2 96
5 89
26 65
12 10
14 50
16 71
26 26
14 73
12 25
23 83
6 38
12 29
21 86
15 21
12 54
12 96
2 86
24 7
2 27
8 48
26 33
18 93
29 3
17 42
9 60
16 25
29 87
23 59
22 39
2 5
22 63
30 45
21 35
3 54
11 70
13 89
25 22
3 65
6 2
16 7
21 33
13 61
19 35
21 42
25 54
26 68
27 98
23 69
24 15
14 45
27 79
25 91
2 69
5 80
30 12
6 82
4 68
22 14
14 65
15 78
18 100
15 86
19 9
6 33
24 32
9 60
30 65
2 61
13 8
22 55
9 77
16 14
14 30
17 49
4 81
26 63
2 23
19 33
1 54
25 6
5 45
5 46
19 18
19 93
25 50
27 43
7 35
28 22
4 86
1 9
28 48
11 50
20 71
4 1
7 50
6 13
14 23
29 54
30 17
8 17
18 97
11 96
1 19
28 46
14 40
16 22
7 28
3 9
9 8
1 27
17 18
9 50
30 97
15 32
15 52
8 35
10 58
10 30
18 99
27 84
18 32
27 77
22 31
5 10
18 45
28 94
24 26
25 54
5 1
7 91
14 36
5 4
15 7
25 73
5 12
18 95
25 64
23 6
4 7
7 83
23 54
16 16
10 22
1 6
2 9
16 25
4 73
30 41
19 65
13 35
16 20
29 22
5 51
18 80
9 94
12 63
20 89
1 79
20 3
4 83
22 31
19 7
23 39
27 33
5 11
18 82
22 96
13 68
29 30
17 59
16 8
22 75
16 4
25 57
6 40
1 69
30 50
28 25
30 74
17 94
17 24
15 70
12 77
18 70
19 84
8 86
24 1
22 91
26 16
28 14
5 90
12 76
9 61
10 30
17 57
3 23
30 49
2 51
28 29
12 36
15 52
3 8
24 84
8 60
9 97
13 5
17 6
30 77
9 80
17 5
6 29
19 67
20 70
30 7
1 41
2 67
14 66
14 48
19 23
19 47
10 83
23 6
30 82
12 58
1 40
2 48
1 40
17 50
2 36
6 64
18 49
30 72
24 55
1 62
17 29
30 96
11 62
13 50
13 87
10 56
6 21
25 46
23 73
17 26
18 2
9 88
20 70
29 63
4 29
16 100
9 35
8 71
28 52
20 43
20 31
30 68
24 56
15 16
19 12
23 88
23 81
25 15
22 85
9 25
5 57
6 73
23 75
23 91
9 15
15 68
25 34
15 100
29 52
17 69
23 59
7 27
1 83
3 92
8 74
8 32
20 96
17 72
10 51
24 48
5 98
8 62
13 54
1 72
5 28
12 19
18 100
18 29
3 90
10 2
23 40
5 44
15 41
16 4
22 81
4 8
9 71
9 61
16 82
24 81
11 76
1 98
15 48
16 9
30 98
10 4
19 95
18 23
27 15
18 78
25 81
28 25
23 58
16 79
29 69
21 51
6 13
29 23
23 26
13 2
15 93
27 63
29 56
5 25
22 15
5 69
5 92
3 50
29 78
20 40
19 42
20 46
14 38
20 66
16 3
19 90
17 28
25 85
13 89
1 5
5 67
5 50
28 17
21 59
17 30
8 97
11 87
12 76
7 14
22 92
26 12
13 62
9 37
18 74
28 10
10 32
7 54
3 34
20 83
22 68
24 41
24 86
18 58
12 56
21 55
29 86
26 31
19 57
10 48
10 49
7 11
30 33
24 65
17 85
9 10
3 63
21 68
28 30
15 61
7 47
25 35
4 33
7 82
9 36
19 70
14 38
20 16
30 95
22 88
9 30
30 83
24 52
21 92
11 27
22 69
16 19
13 9
21 19
3 91
27 23
30 42
30 91
7 30
15 40
29 63
20 18
18 13
9 48
26 1
26 60
19 51
18 23
22 80
12 54
20 100
6 81
1 88
21 50
19 7
19 37
11 10
15 18
13 75
27 30
18 95
9 48
25 18
21 8
17 64
1 66
23 89
8 3
26 20
14 44
16 93
22 99
24 38
16 28
13 85
28 40
19 98
27 75
16 9
13 12
2 95
30 34
3 79
9 10
19 44
25 76
8 37
14 42
14 42
29 86
26 78
17 56
16 16
2 43
6 16
24 48
11 35
23 45
14 73
17 12
7 11
19 4
27 13
7 21
24 66
28 31
15 87
8 70
4 19
22 29
7 18
16 97
14 61
13 17
23 99
20 1
10 19
27 56
3 53
8 88
30 86
28 65
4 55
6 77
5 50
15 11
27 33
19 22
23 4
21 77
22 70
28 63
10 34
21 74
18 98
21 8
25 30
2 58
14 57
26 61
18 91
21 24
3 82
8 67
25 88
23 38
29 72
1 49
27 23
4 95
2 35
2 59
4 25
8 100
23 54
12 91
14 34
16 18
25 63
16 51
20 30
19 59
12 41
19 10
23 32
6 34
8 57
12 34
23 60
5 66
23 96
26 8
9 21
27 44
4 12
14 85
11 82
3 94
4 1
6 36
5 11
12 54
18 65
7 52
4 71
17 88
26 72
7 95
15 23
30 80
6 83
24 79
7 7
14 42
9 79
28 95
30 99
9 9
15 35
10 39
18 29
28 23
30 77
9 96
29 58
15 37
13 39
27 61
27 90
12 7
29 31
2 10
1 2
20 96
8 29
26 45
17 63
30 9
19 88
14 90
8 31
28 90
29 44
22 17
3 55
13 53
26 76
4 66
7 83
3 17
22 98
1 20
13 80
30 3
8 36
24 65
26 21
26 86
6 59
2 1
3 76
15 98
4 19
16 32
11 28
8 64
8 9
24 42
30 15
4 7
20 88
13 15
10 80
22 28
8 5
8 51
21 32
30 36
10 15
17 3
25 15
6 24
25 1
5 14
6 8
23 17
27 47
24 7
19 35
14 16
30 13
28 72
4 18
27 46
4 25
18 78
29 65
13 65
28 17
1 33
25 3
11 23
11 84
19 79
19 14
25 58
28 64
29 74
11 87
29 17
21 18
26 2
14 99
26 51
25 96
5 91
10 36
24 51
19 94
11 37
20 27
16 37
11 26
10 23
22 80
19 75
29 85
16 83
23 93
23 97
21 20
28 90
5 1
12 73
16 25
22 5
11 7
22 41
5 51
4 96
23 54
22 31
28 97
3 20
2 98
29 82
7 8
13 71
30 67
25 5
1 8
20 41
15 51
2 51
3 97
28 35
10 20
16 40
18 30
19 9
27 79
10 95
26 65
27 45
1 12
10 21
29 59
11 85
9 94
7 13
22 85
28 92
24 65
23 71
14 41
22 73
20 21
27 57
7 84
2 67
7 51
7 17
1 48
24 21
13 40
3 35
26 32
28 79
26 60
22 90
22 33
4 23
5 80
10 42
15 81
18 13
13 47
2 43
26 87
5 38
8 47
12 54
29 1
22 74
20 85
25 12
17 28
14 74
20 65
17 26
17 74
9 79
12 72
3 17
18 87
15 35
6 78
28 64
19 72
19 38
8 56
11 25
3 87
30 94
1 16
10 48
11 58
8 13
19 51
29 38
9 35
14 74
23 64
9 91
15 78
10 42
3 81
8 67
7 19
11 69
14 80
16 27
29 46
1 69
26 19
6 36
26 81
10 18
14 50
28 78
7 87
12 11
19 41
20 85
10 90
24 45
11 21
23 61
16 13
9 13
14 86
29 89
16 10
26 10
9 65
19 38
13 62
30 22
3 29
18 14
10 63
10 42
4 85
12 1
17 30
6 32
17 14
30 85
25 77
16 33
1 84
2 96
18 22
7 52
20 74
7 20
19 26
11 24
2 15
24 59
26 89
10 63
24 62
29 80
10 44
13 31
17 86
8 24
7 94
7 57
29 43
18 7
21 40
30 82
4 6
10 50
6 82
4 52
5 62
1 84
15 95
16 83
11 43
19 87
28 85
5 7
8 74
5 48
4 47
19 19
4 21
28 49
24 83
30 100
24 31
3 100
5 1
23 57
3 93
24 83
27 90
11 56
4 5
23 77
3 84
27 6
16 15
15 61
9 6
20 45
28 94
24 65
16 78
1 89
10 16
3 47
6 63
2 69
19 57
7 22
12 43
27 99
19 33
11 58
1 22
22 78
5 97
14 61
15 15
1 44
30 23
22 87
7 96
5 55
24 3
16 47
6 55
15 54
29 55
13 29
16 16
19 42
3 52
24 87
8 6
2 100
10 24
26 16
1 93
11 74
25 46
20 40
22 64
16 91
20 60
11 97
16 29
8 88
23 44
26 50
9 59
21 29
4 87
4 4
9 66
27 25
24 48
17 15
3 14
27 32
13 28
10 48
28 70
7 40
3 64
12 13
13 94
21 56
10 37
20 10
14 88
27 17
16 3
22 98
6 40
2 88
17 61
8 75
20 26
26 94
30 59
17 12
23 99
27 84
7 78
26 41
8 32
27 53
26 40
2 53
20 35
2 98
28 79
12 29
15 90
23 94
20 81
17 4
29 75
20 66
5 85
18 22
28 14
26 53
16 27
15 37
22 48
24 9
17 58
27 83
27 11
28 98
11 84
12 70
10 41
7 14
15 44
25 44
29 60
18 14
9 4
10 52
1 84
2 77
1 48
1 39
1 38
26 1
3 89
12 83
29 60
26 5
25 31
8 64
2 47
29 80
10 31
23 1
4 94
19 6
14 92
6 4
9 83
16 2
22 30
16 52
29 31
17 44
23 56
9 7
3 87
26 4
7 21
6 82
4 37
19 7
28 86
22 8
9 18
9 92
27 96
3 87
27 51
10 39
27 40
27 61
17 35
16 95
25 72
17 68
30 15
15 87
21 36
24 21
5 55
12 51
10 54
10 28
25 19
9 63
21 15
25 37
19 90
21 3
23 7
11 72
4 97
10 26
14 4
28 41
20 9
3 11
14 32
19 70
23 57
4 13
1 58
19 72
30 31
24 12
30 96
6 15
4 45
10 80
10 37
20 61
7 62
12 62
4 62
12 96
18 67
8 40
5 8
21 76
18 37
9 27
2 74
11 28
21 32
7 70
10 26
13 68
9 54
20 84
15 13
29 84
29 38
25 55
7 38
20 87
14 21
25 57
4 58
4 64
9 42
16 61
19 20
18 58
13 9
1 39
21 72
12 52
11 48
28 58
5 40
26 58
30 60
17 53
17 50
19 6
14 6
28 62
15 97
29 49
6 12
7 78
5 60
29 95
7 39
24 44
28 99
13 37
1 19
29 27
11 9
4 64
26 1
25 90
8 96
20 3
29 76
22 93
27 13
9 46
1 95
29 28
5 41
24 55
2 4
22 32
23 65
5 30
18 71
20 15
28 9
29 76
27 100
20 75
24 11
10 14
15 60
21 49
3 4
16 64
28 37
15 72
23 41
21 70
1 72
26 81
3 56
8 21
28 28
5 71
18 67
15 94
28 25
4 82
11 49
25 40
25 91
3 90
11 63
19 94
17 47
24 71
22 81
1 9
20 37
10 49
25 64
22 85
20 36
6 20
14 63
21 21
23 73
10 36
8 20
29 74
26 54
26 68
6 38
6 98
14 55
16 81
30 88
7 10
25 82
11 10
4 92
30 49
24 91
14 3
21 64
8 28
9 23
25 54
20 23
1 86
29 49
18 99
8 34
10 62
27 40
1 63
13 1
11 99
23 46
21 5
19 29
13 77
23 79
2 63
21 85
8 82
3 17
10 20
10 91
3 16
22 3
20 65
25 40
25 98
7 15
14 45
5 86
13 98
25 7
10 17
1 59
18 75
25 29
26 76
29 78
23 1
22 73
17 39
4 31
26 1
17 41
27 92
27 22
11 43
30 100
19 70
20 9
16 36
17 93
23 8
22 5
20 53
19 76
21 93
16 78
25 2
9 93
15 97
6 85
9 45
6 49
26 97
17 13
22 46
5 94
3 26
21 12
1 79
19 21
23 44
21 67
27 69
22 94
17 77
20 55
24 66
13 39
12 12
22 46
17 56
1 61
14 41
24 64
22 62
26 94
7 86
23 5
6 24
20 22
2 80
8 25
5 31
6 58
4 67
25 2
14 46
22 7
8 37
2 9
18 58
13 6
13 15
10 1
10 12
2 41
1 2
28 87
22 33
4 77
21 99
28 24
16 91
23 33
17 4
22 76
21 96
11 56
30 42
6 51
3 29
3 43
22 60
29 65
24 25
21 94
15 18
10 22
28 52
14 34
25 47
9 68
22 41
3 3
23 30
5 87
20 48
20 92
29 10
16 3
26 49
28 60
16 17
1 26
8 87
11 75
3 20
2 27
22 16
21 94
17 86
23 58
3 14
9 91
13 57
15 61
15 93
2 22
19 53
27 29
1 58
13 75
19 44
3 40
1 34
16 7
19 18
14 3
3 65
5 57
1 90
7 77
24 89
20 42
3 97
30 83
16 24
19 34
17 62
5 29
15 62
25 65
19 99
29 13
15 63
20 87
14 86
13 37
4 12
11 18
10 52
22 65
6 61
20 94
2 75
23 68
6 57
24 67
17 2
29 21
16 48
7 20
6 21
28 59
5 38
29 96
10 80
23 65
30 62
20 13
6 32
22 24
29 15
20 47
28 20
8 36
20 26
27 5
9 14
25 35
24 43
2 93
13 94
9 14
6 18
27 43
2 10
6 90
25 7
6 44
19 55
19 98
3 85
2 83
1 16
7 54
19 50
18 33
24 6
26 99
15 24
1 28
24 59
7 58
7 5
23 95
1 32
2 95
18 93
27 18
21 45
11 19
25 68
23 38
15 48
8 52
2 28
29 5
28 48
4 55
24 18
29 14
21 41
19 69
25 37
18 45
2 9
15 28
18 17
5 5
17 52
16 88
11 86
4 21
25 9
5 88
16 75
4 27
17 62
7 52
20 84
18 31
14 15
8 72
23 74
26 99
7 83
18 60
30 33
10 5
11 54
12 19
30 45
25 47
28 43
20 8
16 97
30 70
23 48
23 46
3 20
24 50
12 82
19 21
16 88
27 7
3 69
15 72
23 21
10 23
23 19
30 40
28 19
29 30
28 53
5 91
22 19
2 25
2 100
28 17
9 74
5 31
2 99
4 7
11 76
21 85
4 10
25 61
10 85
21 50
28 65
22 9
15 83
6 38
4 83
17 72
26 81
14 50
2 59
6 54
14 36
29 28
7 63
18 28
7 30
7 36
17 68
7 81
12 82
1 35
14 77
26 71
29 59
20 40
18 27
4 3
4 32
10 62
24 70
10 92
19 18
18 97
6 24
20 39
5 100
24 20
6 31
10 84
12 62
26 11
8 69
13 54
22 43
5 97
4 4
20 14
22 67
11 59
22 40
27 46
19 22
27 66
23 7
11 94
20 76
24 7
26 16
30 99
20 27
15 73
10 35
7 3
3 49
3 95
8 62
12 78
3 9
3 87
7 95
20 86
11 35
14 66
3 56
7 64
2 11
29 63
17 27
26 50
5 30
14 14
11 35
21 26
3 85
22 61
19 44
26 1
8 90
19 32
15 35
16 26
15 84
18 94
2 5
13 36
25 38
9 77
12 91
2 67
27 14
7 5
27 25
6 86
4 76
28 10
10 65
25 6
10 74
9 61
1 41
8 65
8 96
21 2
28 95
10 64
8 98
30 16
2 77
21 87
12 70
6 61
6 82
7 37
18 65
17 38
28 44
4 87
1 46
30 80
30 59
13 47
9 63
2 82
9 15
21 43
16 16
3 22
10 21
28 9
8 7
6 95
22 51
23 45
16 73
4 36
23 67
14 91
21 48
25 71
22 45
3 97
2 68
20 13
28 80
21 25
16 18
1 87
18 4
21 16
8 55
11 62
3 36
23 5
23 29
5 96
23 40
5 84
27 14
27 94
3 69
21 30
27 41
17 6
6 99
1 75
15 23
27 29
19 41
23 41
19 60
9 93
19 33
26 5
28 24
30 43
23 20
2 31
3 40
16 60
9 9
5 95
11 23
24 41
3 8
24 83
27 22
15 65
14 2
29 3
16 71
25 70
10 17
2 54
6 39
4 46
17 100
21 30
22 16
10 36
13 3
28 90
4 44
16 29
5 27
12 70
27 76
11 86
24 42
2 100
21 5
27 79
4 89
18 77
14 30
24 27
22 81
28 8
24 73
18 68
19 71
10 95
19 80
13 42
24 24
3 6
10 90
4 35
30 44
21 34
25 26
2 56
26 31
25 81
3 55
30 54
25 89
20 23
21 84
17 46
29 9
11 38
10 86
12 80
11 34
15 5
29 28
13 16
28 79
18 12
3 48
5 58
18 17
2 60
10 48
5 11
7 7
8 58
5 72
9 25
27 53
12 68
30 94
3 37
22 83
19 5
30 65
14 69
23 45
9 85
3 85
25 1
4 42
30 88
5 99
14 22
1 45
11 83
18 75
19 62
17 19
18 38
6 31
17 20
7 87
14 71
21 98
23 14
2 33
1 8
23 65
21 33
1 21
15 51
6 86
12 52
16 81
22 43
13 48
3 89
24 66
12 56
16 34
30 59
18 22
6 100
28 47
25 99
27 51
9 14
18 12
8 44
2 59
16 54
6 100
24 91
26 5
26 33
1 67
11 8
9 56
20 78
4 44
18 73
6 76
16 34
29 3
27 30
13 14
5 18
6 29
30 83
25 6
25 75
12 5
5 12
12 94
2 66
7 69
8 82
7 75
27 35
8 95
27 42
19 51
30 74
21 71
8 68
16 22
2 100
28 76
23 89
21 4
16 9
5 95
23 21
30 9
15 99
4 23
10 64
26 51
7 8
22 96
15 49
7 17
10 94
14 63
4 65
18 92
23 94
26 15
24 55
26 21
23 79
3 93
12 68
3 30
28 64
15 2
15 41
20 64
16 14
26 71
30 96
22 54
19 48
21 55
4 96
5 7
6 69
21 67
19 45
26 16
9 20
27 25
22 87
8 49
12 66
9 33
1 33
8 1
2 10
15 85
27 81
1 82
10 93
18 90
28 95
5 98
6 73
12 29
1 9
17 14
14 48
28 86
10 36
17 11
17 93
15 54
4 38
7 75
12 35
16 19
21 20
6 47
4 89
7 55
28 4
30 23
3 18
1 82
25 47
14 1
1 90
16 16
19 93
22 61
9 57
9 59
26 47
17 72
7 84
26 36
17 97
29 41
14 19
22 18
7 17
11 59
16 76
25 85
18 16
5 46
23 75
25 100
3 13
23 60
26 100
5 34
27 5
14 10
15 47
10 43
23 50
12 69
7 76
5 45
13 1
12 67
5 98
29 100
1 41
9 58
1 5
22 89
22 17
28 36
24 29
11 26
10 32
16 7
19 50
3 1
12 44
20 77
4 90
8 4
30 38
21 22
12 4
10 55
1 60
23 84
28 73
1 70
24 7
16 14
28 78
26 10
23 85
18 66
24 65
21 56
2 82
29 95
15 39
22 57
30 44
30 89
8 1
18 23
9 33
26 18
12 1
7 87
28 16
22 63
10 25
28 33
16 47
30 42
27 81
29 86
26 90
6 43
12 84
25 100
26 100
18 30
2 96
26 89
2 19
4 43
13 21
28 100
19 7
4 7
9 44
24 14
13 70
6 27
23 20
6 20
11 95
1 74
23 68
3 54
27 18
18 81
28 75
13 9
3 26
7 71
1 11
14 53
22 39
29 36
10 57
7 32
3 8
16 45
25 20
10 13
7 98
6 26
4 78
26 57
25 53
17 75
25 11
29 46
11 10
13 11
8 39
24 20
26 99
27 73
18 66
17 54
3 82
12 39
1 17
5 17
9 21
11 35
21 22
10 84
21 64
6 48
3 39
29 100
8 35
2 7
1 61
3 15
2 44
23 5
20 99
11 81
10 12
15 2
23 47
15 15
30 30
24 12
11 32
14 58
9 87
4 19
17 76
25 89
19 90
5 31
28 65
21 59
28 25
13 12
21 49
16 81
1 39
14 51
23 7
28 41
4 23
1 92
29 47
22 69
18 76
9 76
11 61
6 20
18 98
12 8
29 9
20 29
20 36
9 74
14 86
4 39
20 76
21 10
12 62
19 10
30 29
7 30
2 22
1 79
22 84
26 70
23 78
10 44
25 28
7 58
15 30
17 24
5 79
14 26
10 64
7 29
4 23
10 85
17 63
23 20
6 1
11 38
10 90
1 94
7 49
11 33
8 99
16 34
17 41
12 69
14 98
27 100
23 59
14 69
1 99
30 18
9 80
18 28
29 40
21 37
9 23
9 66
12 24
12 98
7 63
8 72
2 15
21 84
25 55
24 97
3 43
14 3
24 21
20 42
11 2
18 49
16 98
26 97
12 17
17 90
21 64
21 95
20 32
30 6
8 34
22 90
8 68
4 2
28 25
15 100
16 73
10 1
20 66
20 43
4 48
24 17
21 45
1 93
26 40
8 65
15 100
26 53
19 49
16 58
13 100
8 50
24 57
12 94
14 51
28 60
28 72
18 61
28 90
13 95
1 50
9 6
11 64
30 19
2 67
29 84
6 86
25 90
14 86
5 20
7 74
21 86
7 58
28 64
17 2
18 79
14 68
24 4
21 45
15 94
21 3
27 29
10 13
18 85
19 4
4 87
7 34
4 26
23 22
9 41
3 99
10 26
6 55
2 97
2 8
2 14
12 19
2 53
3 11
27 81
24 41
7 43
16 91
28 69
4 56
1 38
16 80
14 72
27 97
10 38
6 61
11 17
1 45
21 14
15 57
24 69
17 13
1 75
3 78
25 18
25 55
25 91
27 70
24 25
6 33
4 73
13 16
11 76
10 61
9 15
18 34
3 66
16 45
12 100
14 86
7 10
23 72
10 79
1 13
25 59
27 68
1 90
3 24
15 43
4 5
29 1
8 43
9 84
17 10
3 12
26 100
21 40
3 73
28 63
25 24
23 82
11 4
23 25
27 39
9 62
13 27
5 80
21 33
13 59
2 98
20 89
17 91
28 19
3 97
13 99
22 6
2 62
21 54
29 39
14 57
30 86
6 14
16 8
8 80
17 92
27 36
12 25
8 12
23 40
18 28
21 80
3 22
3 45
8 83
23 71
22 34
17 79
10 74
6 97
5 52
10 82
28 72
28 65
23 53
7 42
10 99
3 64
2 66
18 99
20 42
22 91
15 30
29 26
23 55
25 59
26 14
12 45
25 50
20 19
22 18
11 33
6 33
26 87
10 55
8 50
6 59
10 22
28 61
20 42
5 74
30 20
17 92
15 24
13 26
12 46
13 54
18 10
27 25
8 88
9 85
27 26
13 29
9 82
29 98
13 3
3 75
24 10
8 90
15 10
17 78
7 61
2 84
30 70
20 18
17 38
14 46
25 97
26 13
20 14
23 53
18 85
29 93
6 96
3 82
17 49
30 15
10 43
8 31
12 57
8 20
16 2
17 12
10 42
4 79
5 38
23 74
5 13
17 20
10 1
22 68
29 13
2 10
5 79
1 66
27 40
27 84
13 54
5 94
25 71
5 2
18 7
5 82
2 93
24 31
23 7
29 42
19 80
13 73
1 95
30 97
5 26
23 79
1 27
23 26
27 97
9 57
15 53
20 26
26 43
19 90
11 7
23 19
16 86
13 96
10 32
5 14
30 29
15 40
15 17
17 4
25 95
10 19
30 1
17 97
26 5
26 96
13 69
27 48
24 9
6 85
13 92
1 2
20 95
3 74
21 10
29 27
14 40
7 3
21 93
21 36
19 37
21 11
5 49
21 10
18 6
14 50
19 44
3 68
28 95
3 100
24 22
16 60
1 23
4 53
7 65
28 68
3 71
18 57
11 88
18 28
25 11
19 93
7 31
12 96
18 57
6 33
8 73
2 90
27 58
5 14
14 34
21 26
26 10
14 27
30 3
4 46
23 83
21 71
5 2
17 42
8 14
17 87
26 70
29 33
7 23
18 52
26 30
27 12
21 62
28 40
24 43
28 29
7 28
29 42
11 17
25 39
20 13
17 68
13 5
22 61
9 1
23 35
30 41
18 72
13 87
24 18
29 1
28 58
8 49
1 8
25 85
28 47
20 75
14 32
21 65
12 62
27 4
26 46
15 45
29 99
11 32
8 11
12 66
28 59
24 18
29 30
15 68
16 4
24 41
5 25
17 78
28 73
12 33
30 78
19 39
28 11
20 47
21 54
2 41
4 77
8 82
27 64
20 34
9 95
25 5
11 31
13 8
16 16
30 25
3 20
13 72
30 85
18 3
18 82
23 1
28 52
15 16
28 36
12 86
30 76
11 1
8 73
18 65
30 100
30 84
19 4
15 1
28 24
23 77
5 45
28 15
28 12
10 15
7 31
1 28
18 43
8 68
17 36
2 6
5 21
9 53
27 43
3 64
16 7
23 23
1 70
7 51
23 66
15 31
29 17
18 6
9 86
25 25
13 57
10 7
19 18
1 5
2 16
1 30
12 13
22 25
4 88
25 66
5 91
8 5
8 57
3 66
4 87
3 66
23 24
24 72
22 35
18 5
12 48
24 23
10 37
27 93
26 73
30 33
14 9
17 71
16 99
28 11
16 82
19 80
26 52
3 47
28 31
23 39
30 37
24 90
15 60
14 1
25 44
3 48
4 69
20 69
30 9
22 57
1 60
6 96
13 91
4 1
13 96
11 2
4 4
21 9
16 77
21 100
10 93
9 23
3 68
24 84
6 27
30 66
16 28
1 100
20 54
30 42
22 43
13 85
28 86
13 13
22 53
14 33
17 62
27 62
19 2
5 57
18 37
22 65
24 35
15 33
10 16
14 41
8 68
18 56
13 70
10 66
25 84
18 23
15 57
14 26
18 81
12 38
7 55
22 80
1 66
4 33
12 89
3 91
26 50
16 61
12 66
18 98
11 28
30 97
4 56
12 93
8 55
10 4
2 32
5 2
29 98
4 82
8 59
13 93
10 70
25 31
7 83
10 87
10 52
4 45
29 57
17 46
14 67
11 25
20 35
8 98
14 64
12 21
2 4
15 33
5 70
16 64
14 95
20 13
26 85
27 56
14 45
21 57
1 1
11 60
7 10
30 70
13 41
2 46
26 7
9 20
18 94
3 31
10 85
15 38
21 3
13 14
7 94
22 10
26 2
19 33
12 30
14 36
12 96
22 17
2 60
29 81
15 23
11 44
7 57
13 80
11 26
15 57
21 67
16 16
8 87
10 31
28 54
27 90
9 48
16 2
9 46
12 15
29 44
30 27
30 43
16 10
8 3
18 38
29 36
5 88
14 5
9 41
8 37
12 6
6 40
17 46
25 40
20 53
3 21
12 34
23 89
25 30
11 12
19 59
29 24
7 72
30 17
15 37
25 46
14 92
7 52
27 22
11 48
16 25
18 57
28 31
16 52
2 36
25 83
27 14
28 93
27 37
1 53
25 17
21 70
8 87
21 44
28 63
3 34
27 10
2 96
22 87
7 4
5 13
28 21
16 95
25 15
21 77
29 55
3 69
6 100
8 96
5 15
10 37
10 48
18 94
13 90
20 41
25 6
3 82
16 31
16 90
15 6
18 63
12 10
24 39
29 91
4 55
27 95
1 9
2 89
2 36
20 33
16 74
29 28
5 16
28 82
8 54
9 75
9 2
15 52
20 45
24 25
30 50
19 42
10 60
2 11
25 11
24 22
26 34
19 42
19 59
3 6
12 61
21 80
22 65
13 53
1 76
17 60
18 95
14 87
16 35
30 52
28 45
3 33
28 74
7 78
22 49
4 95
12 16
7 75
12 61
28 92
9 56
4 66
11 57
14 8
23 53
12 92
27 36
27 26
19 3
24 92
3 39
27 64
4 65
1 85
5 70
18 13
25 31
30 27
29 34
15 82
18 46
25 35
23 1
22 42
23 15
13 6
25 71
1 58
25 63
4 12
12 22
4 9
12 54
25 43
9 21
16 76
18 100
2 51
1 74
22 55
30 76
2 45
19 85
22 85
17 48
26 31
9 20
19 72
25 73
14 63
14 41
20 11
1 52
3 93
15 4
7 16
12 11
30 30
25 14
4 93
1 10
23 29
21 13
12 57
16 66
1 31
16 60
13 98
11 6
30 87
1 89
23 92
21 14
3 45
27 87
9 39
28 64
19 80
26 71
16 61
18 58
23 45
27 36
3 28
13 84
16 53
14 68
17 74
22 69
10 60
25 11
29 54
4 17
23 49
9 20
10 26
7 4
21 46
29 65
3 83
30 90
16 76
18 32
1 91
20 23
10 7
13 100
12 6
9 45
14 7
26 15
5 45
9 7
20 9
23 14
2 22
23 79
19 60
2 50
2 61
22 4
19 56
25 31
11 23
27 66
12 42
23 18
16 3
24 27
21 46
10 54
29 43
14 20
4 45
29 56
28 92
1 76
7 65
8 7
20 84
24 21
18 56
8 15
8 13
22 21
30 81
26 80
3 10
29 29
24 67
26 11
30 46
29 56
12 96
14 1
10 38
23 57
15 62
21 55
14 64
27 83
5 52
25 19
23 13
27 19
12 82
21 41
9 19
17 41
17 10
13 98
29 66
14 44
27 76
20 1
30 76
15 36
29 1
24 44
24 53
22 45
26 94
15 65
23 33
17 31
23 49
18 93
4 33
18 93
18 37
25 99
14 31
26 43
2 40
18 45
24 99
21 29
12 25
15 56
28 1
26 52
22 65
24 67
27 84
9 57
10 3
15 84
26 93
28 17
22 15
21 27
15 53
25 8
7 100
6 86
2 1
29 5
6 85
2 14
18 82
30 87
27 77
12 22
9 51
18 100
7 50
28 81
2 32
1 30
23 56
18 35
28 56
9 25
30 62
19 7
4 8
6 80
24 19
13 52
10 90
23 38
21 80
29 44
4 11
5 46
26 92
20 73
30 71
18 39
14 88
8 27
15 95
8 31
13 10
2 34
11 37
22 93
6 42
6 79
2 13
5 17
24 56
11 3
28 38
14 62
25 43
20 72
17 50
2 49
9 83
13 62
11 54
26 87
15 94
17 46
26 93
4 61
21 54
4 78
4 9
21 68
21 83
21 87
22 92
27 90
17 69
3 97
4 9
5 20
22 4
17 7
26 30
27 96
4 82
26 27
22 68
26 44
10 37
2 81
30 69
23 58
29 25
5 15
15 41
4 86
14 51
14 40
10 11
17 15
24 64
11 86
12 39
11 81
7 63
22 6
11 84
6 71
30 22
25 45
2 19
20 58
19 26
9 100
28 35
25 31
29 7
28 30
17 49
22 23
21 23
21 93
18 96
23 70
19 100
24 30
8 95
27 38
30 87
7 7
22 3
10 72
12 57
13 58
7 66
13 19
9 65
11 98
20 26
27 28
27 32
19 94
9 48
13 98
4 19
27 7
4 46
20 35
4 34
4 63
20 76
21 40
10 44
7 51
11 56
20 97
29 91
10 17
8 72
7 23
2 23
12 67
30 11
3 25
17 97
27 96
14 68
25 64
3 23
6 83
10 96
19 69
18 20
7 27
3 3
19 36
7 82
23 48
15 7
23 41
23 11
6 79
20 22
14 92
14 59
4 26
6 4
16 43
3 82
9 17
27 70
23 65
11 7
23 95
23 37
17 68
17 74
6 77
5 39
28 91
7 94
26 55
7 61
27 72
2 18
28 30
9 92
15 89
18 59
6 11
5 74
18 41
28 75
19 42
3 89
12 61
24 47
5 30
9 64
23 53
13 41
22 71
2 76
1 82
4 46
22 80
12 21
13 19
15 41
10 59
1 44
9 14
12 86
24 1
29 48
23 81
20 34
1 72
12 61
25 47
29 48
7 82
8 99
10 14
19 11
14 20
24 94
5 96
19 28
18 27
28 100
19 67
15 61
30 46
4 94
3 84
1 71
25 60
19 16
5 59
6 48
10 32
2 15
27 20
4 26
29 21
15 9
18 9
12 77
17 95
11 51
30 63
11 94
3 89
19 47
19 34
17 29
15 40
13 43
21 88
30 61
9 44
20 48
5 91
4 63
7 46
23 66
1 85
29 83
23 19
1 71
24 27
1 21
18 45
25 29
13 35
19 93
30 58
30 86
30 15
8 36
23 12
3 73
16 11
25 20
1 87
3 85
26 93
17 83
30 71
21 74
5 100
16 87
9 57
22 9
1 72
6 35
13 49
7 31
1 13
20 44
10 92
18 17
17 84
9 26
14 10
19 11
1 16
7 21
2 20
9 94
11 77
9 74
7 35
6 87
30 5
30 99
9 9
5 85
4 65
2 50
26 12
12 86
7 8
27 50
29 87
23 70
25 23
25 91
8 50
30 9
24 11
7 54
22 73
18 15
29 51
26 15
22 27
12 40
16 10
19 65
27 84
24 63
26 28
14 15
9 35
23 82
17 81
26 68
15 25
25 94
16 50
8 89
27 59
19 62
11 69
26 17
2 11
11 10
20 84
14 18
20 47
22 67
19 87
14 84
13 68
17 90
20 36
11 46
26 59
19 66
19 37
4 31
17 65
2 89
30 15
26 70
13 57
26 92
25 21
27 58
1 55
19 10
20 29
5 87
19 65
13 18
21 38
20 100
22 91
28 2
27 45
3 70
2 10
3 96
20 39
25 70
3 4
1 34
4 85
20 23
12 72
30 54
10 91
23 63
1 92
6 37
27 38
28 90
27 70
7 29
20 42
28 4
7 29
27 32
25 57
24 18
10 45
22 41
25 76
26 67
18 71
6 56
1 65
17 7
17 33
5 46
16 85
12 74
15 38
16 81
16 11
21 78
8 22
20 94
17 77
11 16
8 68
23 8
2 19
26 18
24 53
16 29
9 17
23 5
26 60
7 4
30 87
13 77
8 2
1 57
9 83
12 78
2 47
7 33
5 2
13 68
16 70
29 94
8 51
8 95
12 87
28 83
3 30
10 81
4 82
19 14
26 60
3 17
18 79
21 23
2 3
12 38
14 90
3 61
22 33
16 53
9 5
6 91
7 47
13 70
30 11
5 95
23 77
21 80
7 11
24 90
6 96
17 89
15 62
2 29
14 57
1 12
21 68
24 47
4 77
28 93
29 54
19 61
22 49
23 88
12 46
20 29
21 56
27 78
17 18
26 62
6 38
5 39
16 79
7 71
27 57
14 45
20 2
8 92
3 50
1 66
15 60
14 36
18 62
25 36
22 70
10 57
7 74
7 64
12 84
25 10
10 50
25 1
23 64
24 5
23 27
22 7
28 15
4 57
7 58
3 8
9 94
16 38
17 63
21 71
28 87
20 37
6 86
19 39
29 33
15 13
21 17
12 48
11 17
25 59
27 49
6 5
22 34
4 8
6 95
20 93
1 10
1 69
7 21
27 96
23 53
10 15
9 31
23 52
28 19
20 74
27 28
20 60
1 24
17 8
10 49
22 50
8 32
30 4
24 76
11 57
21 63
21 49
3 85
2 92
13 14
15 21
1 95
10 53
20 99
12 39
17 63
30 56
16 10
29 49
17 62
17 17
14 80
28 68
4 69
30 19
12 24
9 74
10 19
26 39
7 37
19 63
1 69
8 96
18 28
25 14
21 1
11 16
10 48
4 96
28 95
14 50
8 52
5 40
2 53
30 90
29 59
14 92
7 73
7 56
11 31
19 93
4 51
11 15
20 44
2 18
8 75
19 7
29 93
8 52
15 80
22 86
10 45
27 68
18 63
23 70
26 43
4 81
24 74
17 95
19 9
22 58
25 30
17 65
25 14
7 19
15 10
6 34
24 32
1 23
27 23
22 44
26 6
26 11
1 22
15 100
30 17
29 17
8 25
1 24
1 97
25 35
26 50
1 12
24 21
14 32
16 78
17 61
15 2
13 65
15 27
26 57
25 25
23 45
1 53
18 91
22 14
8 59
4 98
12 49
30 56
30 65
15 58
25 19
19 47
5 33
26 3
1 20
9 13
6 79
8 36
2 19
19 51
29 64
8 51
2 17
28 43
22 94
30 58
2 10
7 98
13 34
20 83
5 78
28 21
7 65
26 30
25 56
30 63
20 79
25 31
5 74
14 28
17 25
18 30
15 46
8 29
9 79
23 83
17 10
15 65
16 62
14 60
8 25
25 37
3 91
17 49
25 92
9 83
27 66
13 3
3 92
21 41
30 93
15 78
25 30
22 80
1 87
20 8
23 14
26 65
24 15
24 20
26 42
13 74
19 67
16 73
20 58
23 31
11 39
19 57
20 2
6 11
21 27
20 3
30 18
8 96
12 33
17 37
16 21
13 36
7 90
8 48
18 72
29 50
20 39
16 30
10 41
22 32
8 13
5 59
10 54
6 61
18 73
20 63
13 64
20 32
13 9
21 100
10 9
19 41
19 54
30 39
17 13
20 14
8 56
14 59
11 30
22 98
4 21
22 98
4 61
11 88
29 12
8 100
12 88
21 71
14 62
21 40
17 82
15 4
18 28
2 98
9 33
18 62
25 59
20 40
12 40
28 92
23 67
2 75
6 32
27 99
25 57
10 71
18 46
4 27
14 88
17 34
12 24
26 77
4 7
18 5
6 47
9 1
25 40
25 71
23 23
11 67
29 63
28 68
28 63
27 33
20 75
17 22
30 62
30 83
18 69
10 65
16 88
5 80
19 91
2 1
3 23
27 43
25 56
23 92
9 61
17 20
15 43
13 36
14 42
8 23
21 9
7 78
18 4
7 26
24 59
8 59
13 45
3 17
20 67
20 70
27 88
10 13
30 82
8 85
26 18
27 38
16 46
5 26
21 23
1 46
3 29
24 65
5 9
13 76
5 45
6 2
22 87
4 62
28 62
18 43
11 5
22 56
2 46
21 2
21 84
27 53
14 3
8 88
1 50
3 37
6 60
28 78
6 4
11 14
27 88
18 47
4 92
24 97
27 87
10 57
20 49
2 33
11 79
12 13
20 86
29 78
6 39
15 91
4 45
6 62
14 16
28 28
17 61
6 95
19 26
14 68
14 65
2 76
15 23
10 26
19 40
13 54
18 57
26 23
13 4
4 89
1 43
28 29
6 43
13 54
18 78
2 93
2 73
8 88
16 7
4 56
17 16
19 76
5 56
9 29
21 34
27 81
27 84
29 32
27 84
25 46
21 58
29 3
21 58
30 78
15 55
23 63
11 93
18 95
30 88
23 11
22 92
3 50
5 52
11 53
5 65
21 47
23 41
9 5
8 91
24 14
17 66
28 67
10 18
3 9
25 88
21 78
21 14
17 5
17 59
10 3
24 12
29 98
2 50
4 1
22 87
7 88
4 94
27 65
11 19
5 68
8 96
5 88
11 24
15 77
2 6
9 57
7 27
16 20
6 59
30 67
7 86
27 100
2 13
14 42
13 89
1 41
6 58
10 96
11 76
12 14
1 2
21 49
10 28
28 8
17 88
4 83
25 32
25 56
14 98
30 27
18 10
9 73
27 50
8 99
26 91
3 58
22 35
17 24
12 74
1 100
3 56
5 38
18 69
15 31
6 46
27 56
6 27
8 74
7 96
15 2
18 37
19 82
23 17
25 36
11 35
16 3
20 70
2 77
10 89
30 7
14 68
22 41
15 90
27 71
7 91
14 74
19 34
17 1
21 11
28 93
27 23
27 87
24 91
15 85
21 74
2 64
2 53
7 36
22 23
28 30
5 33
6 43
18 62
3 68
25 82
22 21
5 59
29 100
1 74
15 31
19 76
24 40
30 2
27 22
16 36
3 40
10 58
12 38
22 76
5 96
28 69
6 14
7 27
5 27
10 1
27 50
18 2
2 8
26 20
1 31
6 83
23 75
3 56
12 64
24 69
9 93
27 26
28 15
2 22
23 3
13 1
23 2
22 46
9 57
5 89
20 72
4 14
17 16
29 10
29 52
20 37
26 18
12 53
2 66
25 76
8 49
26 72
12 78
7 11
26 82
29 77
13 22
10 51
29 59
3 67
22 94
3 58
22 17
2 95
4 36
23 1
16 98
25 38
27 41
10 13
4 50
21 79
24 83
21 12
23 93
19 54
29 33
23 2
11 25
26 34
12 18
25 100
28 11
9 94
11 88
8 77
17 99
15 60
21 35
24 73
20 2
18 18
24 93
29 35
27 66
18 80
26 54
19 3
14 67
16 67
6 6
23 43
14 49
24 36
3 77
30 14
20 89
23 64
11 1
10 97
29 69
7 6
15 7
8 38
6 55
6 31
30 50
3 15
18 79
22 33
27 13
26 37
22 29
22 34
1 1
1 99
11 59
6 95
7 63
15 42
20 40
23 81
10 97
8 87
27 1
9 34
4 17
10 67
15 21
10 77
23 82
28 93
22 83
28 9
16 24
2 67
23 74
29 4
3 46
13 49
27 61
22 12
9 3
8 73
23 29
22 95
11 29
10 2
21 27
22 8
10 64
24 64
9 73
18 11
20 10
2 16
12 93
29 51
8 56
5 70
7 76
7 47
6 56
10 67
14 14
24 35
17 100
30 17
2 17
28 41
8 91
29 52
5 87
24 82
25 80
12 31
8 20
9 63
25 28
9 60
11 3
14 69
12 43
6 25
22 65
17 41
7 25
24 41
4 97
23 10
29 26
12 36
5 20
18 71
29 79
20 92
21 75
12 34
29 49
20 32
25 26
3 71
13 68
12 18
27 34
19 45
21 70
30 55
11 29
7 91
27 6
24 39
12 46
24 100
6 33
22 11
11 56
1 65
3 92
14 39
7 12
15 87
1 14
13 73
23 69
25 1
14 49
20 57
16 63
27 91
18 40
21 58
25 82
4 69
3 7
10 2
18 94
28 50
30 33
4 54
21 88
24 27
16 93
13 33
18 39
14 7
10 24
16 24
25 89
15 30
5 4
21 64
17 70
15 8
12 38
21 55
15 15
21 13
19 63
15 66
4 20
2 83
24 87
9 100
27 3
29 21
8 11
6 6
13 100
24 86
29 74
10 66
28 20
20 47
25 74
14 40
24 88
2 89
16 32
18 53
24 69
5 43
19 61
9 63
22 62
9 1
15 88
26 75
10 95
21 94
10 36
23 65
3 6
25 49
10 93
23 75
21 77
18 91
29 66
16 1
27 54
3 13
3 70
7 52
26 59
7 87
7 81
14 69
29 8
19 28
20 73
2 12
30 71
25 90
6 60
10 14
25 94
19 9
23 65
23 30
6 9
7 22
12 20
12 32
27 63
1 79
25 12
2 84
5 96
14 70
27 15
26 23
11 14
24 75
30 96
5 5
6 21
16 97
30 68
10 18
12 90
18 16
4 90
30 88
7 25
9 96
11 44
8 51
9 1
8 39
8 82
13 4
22 21
22 93
10 32
22 21
11 10
26 74
29 87
13 35
13 22
22 6
17 100
28 26
22 85
26 100
16 10
5 19
20 6
3 21
27 25
3 10
26 81
5 84
29 48
20 82
9 4
19 37
3 46
12 6
13 29
7 100
29 11
19 20
7 81
1 5
7 85
24 42
15 49
17 84
8 99
17 68
2 7
24 56
4 18
3 86
26 70
6 84
20 56
26 48
28 48
13 45
12 18
28 49
18 67
2 65
