100
12 93
4 54
16 2
14 31
20 51
5 86
18 77
25 92
15 16
6 49
8 21
13 91
27 10
12 95
5 68
2 88
3 38
23 28
19 87
18 50
19 74
7 6
22 21
29 76
19 24
6 88
5 18
18 43
7 51
29 73
19 52
2 83
19 5
30 79
23 19
28 31
14 14
8 46
27 37
3 27
2 49
16 8
18 95
12 97
15 90
11 15
2 33
7 82
7 58
3 31
28 40
1 72
26 48
9 44
6 93
12 48
11 87
5 11
13 9
7 77
18 27
22 91
21 40
15 99
10 37
9 77
8 89
10 33
9 20
8 24
13 49
13 5
7 30
5 19
18 21
16 87
20 39
8 10
10 2
29 79
30 89
26 17
8 7
2 18
7 29
21 91
20 64
25 16
13 10
15 82
2 82
18 33
20 45
15 1
8 55
10 39
3 87
6 72
23 57
9 71
7 30
1 66
25 56
22 89
17 68
20 50
19 37
15 68
24 29
20 83
3 99
22 25
25 29
29 30
17 37
22 73
6 65
11 62
2 24
20 88
21 19
19 91
8 23
30 93
1 29
15 85
18 48
22 64
16 10
5 12
26 97
17 64
3 27
15 84
12 27
13 92
27 11
2 4
4 91
26 36
19 23
21 98
30 34
2 46
23 58
17 40
16 93
3 18
21 80
21 72
6 23
25 2
4 96
28 19
18 53
16 9
25 78
18 45
1 71
2 5
9 98
25 34
13 47
4 13
28 4
5 83
19 99
27 64
17 94
12 36
16 39
16 73
17 54
19 27
14 10
2 4
29 28
30 1
14 93
6 4
26 2
6 26
22 22
19 50
17 22
26 13
11 33
27 29
6 5
27 62
26 90
25 24
7 54
27 43
18 42
16 46
25 83
11 46
15 60
16 71
13 33
25 93
5 23
3 3
19 80
14 44
19 80
30 86
16 48
8 83
11 25
8 35
27 99
20 63
10 75
4 42
29 20
7 24
25 59
6 73
8 41
19 59
10 88
14 57
27 23
20 27
27 19
11 5
7 92
18 78
19 53
22 77
24 58
20 18
28 25
1 58
27 59
16 37
28 11
23 84
25 84
22 83
23 22
27 71
15 54
29 83
18 20
20 82
9 59
29 96
26 89
3 52
9 20
20 48
30 33
13 14
8 44
6 70
27 35
21 82
30 89
6 98
30 75
29 88
4 77
13 21
18 88
12 68
17 12
16 89
6 50
24 15
16 2
5 14
16 25
7 75
5 63
2 24
7 50
3 22
19 97
22 96
14 66
23 43
19 30
1 76
12 84
20 77
15 74
30 72
10 37
7 66
19 18
1 35
30 3
19 98
10 50
15 35
5 7
7 95
29 59
30 20
23 60
6 79
5 37
21 35
3 97
12 23
26 93
30 37
7 18
4 98
27 78
23 34
17 61
8 77
20 98
8 14
19 43
2 93
1 94
29 56
2 83
8 60
15 87
6 73
16 82
21 75
11 55
28 47
25 87
25 34
26 22
9 44
6 91
29 47
16 19
2 78
21 31
29 27
30 84
10 25
27 70
19 28
4 58
26 90
5 1
4 32
22 22
6 90
14 16
26 52
14 89
1 35
11 69
1 92
24 12
17 21
23 67
28 8
27 73
8 73
5 73
14 99
6 79
8 62
6 75
3 80
5 45
16 85
23 78
9 68
10 45
28 74
13 87
12 39
10 31
1 84
13 15
24 100
25 21
21 91
25 25
12 61
9 87
28 33
4 26
1 5
22 40
29 84
7 12
5 38
12 37
21 44
3 7
3 48
7 56
20 74
30 63
14 1
